4
7
8
9
12
13
14
15
19
20
21
24
25
26
28
29
30
31
34
36
37
39
40
41
46
47
48
49
50
52
53
56
57
58
59
60
63
64
65
67
68
70
72
73
78
80
81
82
84
85
86
88
89
90
91
94
96
98
99
101
102
104
106
110
111
113
114
116
117
118
119
121
122
123
124
125
126
127
130
131
133
134
135
137
138
139
140
142
143
145
146
147
148
149
151
152
154
155
158
159
160
161
166
168
169
171
172
175
176
177
178
179
180
181
183
184
187
188
190
191
192
195
196
198
199
200
201
202
203
208
209
210
211
213
214
215
217
218
221
222
223
226
227
228
229
230
232
233
234
236
238
239
240
243
244
246
248
249
250
253
254
257
258
259
260
261
263
264
265
266
267
269
270
271
272
273
274
275
277
278
283
284
285
286
288
289
291
292
293
295
296
297
298
301
302
304
305
306
307
309
310
313
314
316
317
318