4
7
8
9
12
13
14
15
19
20
21
23
26
27
31
34
36
37
39
40
41
45
48
49
50
52
53
55
59
60
62
65
67
68
70
72
73
78
80
81
82
84
85
86
87
91
94
96
97
101
102
104
106
109
113
114
115
117
118
119
121
122
123
124
125
126
127
130
131
133
134
135
137
138
139
140
142
143
145
146
147
148
149
151
152
154
155
157
161
166
167
171
172
175
176
177
178
179
180
181
183
184
187
188
190
191
192
194
198
199
200
201
202
203
207
213
214
215
217
218
221
222
223
226
227
228
229
230
232
233
234
236
237
243
244
246
247
250
252
256
262
268
276
283
284
285
286
288
289
290
295
296
297
298
301
302
304
305
306
307
309
310
313
314
316
317
318