L_area_32
3004 19 19 23 255
L_area_25
3005 136 139 111 255
L_area_24a-b
3007 102 182 242 255
L_area_24c
3010 238 190 141 255
L_area_24a-b_prime
3012 82 139 58 255
L_area_24c_prime
3015 184 79 68 255
L_area_10
3018 91 26 96 255
L_area_14
3022 85 216 213 255
L_area_11
3027 104 190 220 255
L_area_13
3030 17 82 156 255
L_area_12m-o
3034 246 45 77 255
L_Iam-Iapm
3039 241 57 244 255
L_lat_Ia
3040 123 180 206 255
L_OLF
3044 92 208 85 255
L_G
3048 22 157 74 255
L_PrCO
3049 162 129 207 255
L_area_8A
3051 96 133 235 255
L_area_8B
3055 1 91 227 255
L_area_9
3060 78 138 155 255
L_area_46d
3063 151 56 149 255
L_area_46v-f
3066 9 149 100 255
L_area_12r-l
3069 206 217 125 255
L_area_45
3073 219 165 96 255
L_area_44
3076 199 202 222 255
L_M1
3079 249 224 213 255
L_PMd
3081 145 147 231 255
L_PMv
3084 73 103 119 255
L_preSMA
3088 18 245 221 255
L_SMA
3089 8 115 77 255
L_area_3a-b
3093 234 42 156 255
L_areas_1-2
3094 127 50 13 255
L_SII
3095 92 227 73 255
L_V6
3098 186 220 164 255
L_V6A
3099 110 216 94 255
L_area_5d
3103 135 197 227 255
L_PEa
3106 35 193 249 255
L_MIP
3108 189 112 118 255
L_fundus_IPS
3109 104 235 84 255
L_AIP
3114 189 216 61 255
L_LIP
3115 137 84 67 255
L_LOP
3118 57 44 4 255
L_MST
3119 37 237 182 255
L_area_7a-b
3121 236 56 32 255
L_area_7op
3124 75 24 73 255
L_area_7m
3126 104 121 135 255
L_area_31
3129 211 28 128 255
L_area_23
3130 124 90 45 255
L_area_v23
3134 20 82 35 255
L_area_29
3136 230 225 68 255
L_area_30
3137 126 43 185 255
L_CA_fields
3142 119 119 65 255
L_DG
3145 97 226 208 255
L_Sub-proS
3146 222 6 190 255
L_preS-paraS
3147 203 145 172 255
L_TF-TFO
3149 82 250 237 255
L_TH
3152 149 143 212 255
L_caudal_ERh
3155 17 164 162 255
L_mid_ERh
3158 36 205 3 255
L_rostral_ERh
3159 174 102 228 255
L_area_35
3161 68 245 94 255
L_area_36
3162 16 15 179 255
L_TGa
3166 122 155 172 255
L_TGd
3168 80 17 234 255
L_TGg
3171 178 139 16 255
L_TEO
3176 239 220 240 255
L_post_TE
3179 100 60 172 255
L_ant_TE
3182 91 101 70 255
L_TE_in_STSv
3185 68 169 181 255
L_ant_STSf
3189 165 46 250 255
L_FST
3192 239 168 174 255
L_TPO
3196 132 52 20 255
L_TAa
3197 109 231 7 255
L_STGr
3198 223 25 148 255
L_Tpt
3200 204 132 126 255
L_parabelt
3201 184 26 153 255
L_CL-ML
3207 20 62 67 255
L_AL-RTL
3210 143 146 232 255
L_CM
3214 89 193 39 255
L_RM-RTM
3215 255 96 179 255
L_RTp
3218 56 63 161 255
L_R-RT
3220 140 76 162 255
L_AI
3223 21 214 30 255
L_Pi
3226 160 234 51 255
L_Ins
3227 45 43 59 255
L_Ri
3230 118 58 25 255
L_MT
3232 195 150 224 255
L_V4d
3235 251 185 203 255
L_V4v
3236 66 221 76 255
L_V3d-V3A
3239 68 86 250 255
L_V3v
3242 185 146 38 255
L_V2
3243 247 44 169 255
L_V1
3246 137 172 90 255
