L_ACC
3003 184 58 21 255
L_MCC
3011 250 127 213 255
L_med_OFC
3017 244 61 33 255
L_lat_OFC
3025 201 142 83 255
L_caudal_OFC
3037 5 50 239 255
L_area_8A
3051 160 5 59 255
L_dlPFC
3054 243 115 245 255
L_vlPFC
3064 184 165 136 255
L_M1-PM
3078 143 137 177 255
L_SMA-preSMA
3087 62 138 58 255
L_SI
3092 215 88 206 255
L_SII
3095 172 70 131 255
L_V6-V6A
3097 211 214 147 255
L_area_5
3102 60 83 80 255
L_vm_IPS
3107 226 133 192 255
L_lat_IPS
3113 204 39 115 255
L_MST
3119 151 169 26 255
L_area_7_in_IPL
3120 157 22 162 255
L_area_7m
3126 86 72 159 255
L_PCgG
3127 8 155 166 255
L_HC
3140 255 237 44 255
L_paraHipp
3148 204 203 1 255
L_Rh
3153 106 91 255 255
L_TG
3165 45 208 24 255
L_TEO
3176 62 86 76 255
L_TE
3177 72 36 115 255
L_STSf
3188 107 100 198 255
L_STGr-STSd
3194 252 127 225 255
L_STGc
3199 206 163 55 255
L_belt
3205 12 156 59 255
L_RTp
3218 16 173 125 255
L_core
3219 7 86 9 255
L_floor_of_ls
3224 121 253 216 255
L_MT
3232 110 44 57 255
L_V4
3234 83 217 213 255
L_V2-V3
3237 221 29 76 255
L_V1
3246 94 119 164 255
