L_area_32
3004 206 91 156 255
L_area_25
3005 225 224 36 255
L_area_24
3006 169 236 90 255
L_MCC
3011 226 156 61 255
L_area_10
3018 10 81 149 255
L_area_14
3022 49 90 229 255
L_areas_11-13
3026 124 24 219 255
L_area_12m-o
3034 195 49 244 255
L_OFa-p
3038 97 210 91 255
L_OLF
3044 215 227 171 255
L_cl_OFC
3047 239 113 13 255
L_area_8A
3051 159 169 85 255
L_area_8B
3055 19 208 238 255
L_rostral_dlPFC
3059 239 175 28 255
L_rostral_vlPFC
3065 90 185 50 255
L_caudal_vlPFC
3072 203 202 154 255
L_M1
3079 17 44 132 255
L_PM
3080 128 148 244 255
L_SMA-preSMA
3087 21 232 109 255
L_SI
3092 196 193 199 255
L_SII
3095 180 29 248 255
L_V6
3098 235 214 193 255
L_V6A
3099 182 18 181 255
L_area_5
3102 96 147 174 255
L_vm_IPS
3107 77 225 5 255
L_lat_IPS
3113 204 136 49 255
L_MST
3119 125 28 118 255
L_area_7_in_IPL
3120 235 200 18 255
L_area_7m
3126 149 120 217 255
L_PCC
3128 226 40 200 255
L_RSC
3135 203 84 92 255
L_HiF
3141 127 163 58 255
L_preS-paraS
3147 255 235 90 255
L_paraHipp
3148 40 72 172 255
L_ERh
3154 85 99 206 255
L_PRh
3160 53 25 35 255
L_TGa
3166 185 192 186 255
L_TGg-TGd
3167 196 1 14 255
L_TEO
3176 162 138 215 255
L_gyral_TE
3178 229 160 111 255
L_TE_in_STSv
3185 86 178 114 255
L_STSf
3188 174 77 134 255
L_STSd
3195 25 191 218 255
L_STGr
3198 32 31 65 255
L_STGc
3199 85 66 66 255
L_lat_belt
3206 143 103 129 255
L_med_belt
3213 91 102 222 255
L_RTp
3218 226 215 113 255
L_core
3219 62 13 188 255
L_Ins-Pi
3225 93 186 8 255
L_Ri
3230 91 130 133 255
L_MT
3232 208 26 66 255
L_V4
3234 188 24 206 255
L_V3
3238 231 55 142 255
L_V2
3243 34 136 134 255
L_V1
3246 40 145 165 255
