R_area_32
4004 56 164 74 255
R_area_25
4005 121 253 226 255
R_area_24a
4008 243 2 144 255
R_area_24b
4009 96 68 12 255
R_area_24c
4010 188 26 231 255
R_area_24a_prime
4013 63 120 167 255
R_area_24b_prime
4014 52 164 142 255
R_area_24c_prime
4015 26 165 66 255
R_area_10mr
4019 140 92 40 255
R_area_10mc
4020 240 59 160 255
R_area_10o
4021 58 194 18 255
R_area_14r
4023 1 128 79 255
R_area_14c
4024 122 151 109 255
R_area_11m
4028 136 127 5 255
R_area_11l
4029 117 206 249 255
R_area_13a-b
4031 250 30 32 255
R_area_13m
4032 31 146 177 255
R_area_13l
4033 222 136 210 255
R_area_12m
4035 197 113 209 255
R_area_12o
4036 41 8 243 255
R_Iam-Iapm
4039 146 86 138 255
R_Iai
4041 10 34 126 255
R_Ial
4042 20 147 197 255
R_Iapl
4043 57 245 177 255
R_AON-TTv
4045 189 9 63 255
R_OT-Pir
4046 112 33 65 255
R_G
4048 198 191 77 255
R_PrCO
4049 136 138 221 255
R_area_8Ad
4052 29 113 35 255
R_area_8Av
4053 184 129 94 255
R_area_8Bd
4056 180 243 192 255
R_area_8Bm
4057 53 97 236 255
R_area_8Bs
4058 233 63 76 255
R_area_9d
4061 16 133 207 255
R_area_9m
4062 80 168 235 255
R_area_46d
4063 45 80 201 255
R_area_46f
4067 29 140 136 255
R_area_46v
4068 225 230 125 255
R_area_12l
4070 203 92 203 255
R_area_12r
4071 1 241 159 255
R_area_45a
4074 237 238 123 255
R_area_45b
4075 170 105 55 255
R_area_44
4076 241 126 94 255
R_M1
4079 142 228 239 255
R_PMdc
4082 228 80 81 255
R_PMdr
4083 209 168 201 255
R_F4
4085 165 173 121 255
R_F5
4086 125 201 68 255
R_preSMA
4088 179 167 125 255
R_SMA
4089 56 100 89 255
R_area_3a-b
4093 163 229 163 255
R_areas_1-2
4094 52 6 210 255
R_SII
4095 41 27 236 255
R_V6
4098 182 181 34 255
R_V6Av
4100 32 206 153 255
R_V6Ad
4101 251 237 8 255
R_PEc-PEci
4104 213 161 225 255
R_PE
4105 103 175 199 255
R_PEa
4106 228 44 210 255
R_MIP
4108 171 89 208 255
R_VIP
4110 122 58 119 255
R_PIP
4111 254 83 50 255
R_AIP
4114 103 228 5 255
R_LIPd
4116 214 236 112 255
R_LIPv
4117 171 213 99 255
R_LOP
4118 104 229 9 255
R_MST
4119 29 128 128 255
R_area_7a
4122 63 40 231 255
R_area_7b
4123 89 168 40 255
R_area_7op
4124 138 191 173 255
R_area_7m
4126 157 76 93 255
R_area_31
4129 96 53 117 255
R_area_23a
4131 186 108 98 255
R_area_23b
4132 92 19 88 255
R_area_23c
4133 97 211 112 255
R_area_v23
4134 244 117 3 255
R_area_29
4136 118 39 190 255
R_area_30
4137 6 53 203 255
R_CA1-CA3
4143 56 225 224 255
R_CA4
4144 59 212 130 255
R_DG
4145 28 238 78 255
R_Sub-proS
4146 234 67 14 255
R_preS-paraS
4147 203 109 103 255
R_TFO
4150 39 73 217 255
R_TF
4151 21 187 49 255
R_TH
4152 88 106 126 255
R_EC
4156 93 216 67 255
R_ECL
4157 44 16 2 255
R_mid_ERh
4158 155 92 166 255
R_rostral_ERh
4159 143 75 118 255
R_area_35
4161 225 236 151 255
R_area_36c
4163 255 3 79 255
R_area_36r-p
4164 87 95 5 255
R_TGa
4166 75 172 137 255
R_TGdd
4169 160 142 63 255
R_TGvd
4170 78 126 39 255
R_TGdg
4172 159 63 143 255
R_TGvg
4173 112 219 15 255
R_TGsts
4174 126 159 54 255
R_TEO
4176 154 65 125 255
R_TEpv
4180 175 202 12 255
R_TEpd
4181 97 146 5 255
R_TEav
4183 109 139 57 255
R_TEad
4184 220 120 215 255
R_TEm
4186 30 217 167 255
R_TEa
4187 144 96 189 255
R_IPa
4190 44 27 113 255
R_PGa
4191 219 75 171 255
R_FST
4192 233 38 102 255
R_TPO
4196 210 92 224 255
R_TAa
4197 38 236 125 255
R_STGr
4198 157 235 227 255
R_Tpt
4200 8 151 205 255
R_CPB
4202 133 140 53 255
R_RPB
4203 140 210 86 255
R_CL
4208 231 253 6 255
R_ML
4209 162 107 16 255
R_AL
4211 196 29 61 255
R_RTL
4212 106 40 83 255
R_CM
4214 217 61 251 255
R_RM
4216 4 25 228 255
R_RTM
4217 234 220 82 255
R_RTp
4218 186 251 170 255
R_R
4221 60 225 62 255
R_RT
4222 249 137 44 255
R_AI
4223 168 131 21 255
R_Pi
4226 67 91 199 255
R_Ia-Id
4228 213 173 149 255
R_Ig
4229 52 18 31 255
R_Ri
4230 69 64 53 255
R_MT
4232 55 198 85 255
R_V4d
4235 4 88 22 255
R_V4v
4236 48 100 215 255
R_V3A
4240 246 235 105 255
R_V3d
4241 76 3 75 255
R_V3v
4242 212 114 109 255
R_possibly_V2
4244 221 85 37 255
R_clearly_V2
4245 155 208 79 255
R_V1
4246 225 178 174 255
