L_area_32
3004 105 11 224 255
L_area_25
3005 182 46 182 255
L_area_24a
3008 55 51 253 255
L_area_24b
3009 57 196 83 255
L_area_24c
3010 95 230 166 255
L_area_24a_prime
3013 220 124 235 255
L_area_24b_prime
3014 197 196 4 255
L_area_24c_prime
3015 244 186 159 255
L_area_10mr
3019 206 251 234 255
L_area_10mc
3020 118 19 243 255
L_area_10o
3021 223 95 161 255
L_area_14r
3023 90 21 96 255
L_area_14c
3024 252 48 61 255
L_area_11m
3028 38 33 58 255
L_area_11l
3029 219 93 19 255
L_area_13a-b
3031 56 31 12 255
L_area_13m
3032 247 18 66 255
L_area_13l
3033 156 132 71 255
L_area_12m
3035 240 53 90 255
L_area_12o
3036 185 78 126 255
L_Iam-Iapm
3039 251 69 205 255
L_Iai
3041 178 23 170 255
L_Ial
3042 6 238 170 255
L_Iapl
3043 244 139 209 255
L_AON-TTv
3045 253 131 225 255
L_OT-Pir
3046 134 215 151 255
L_G
3048 76 28 146 255
L_PrCO
3049 187 205 94 255
L_area_8Ad
3052 211 252 7 255
L_area_8Av
3053 33 159 108 255
L_area_8Bd
3056 192 213 193 255
L_area_8Bm
3057 185 10 138 255
L_area_8Bs
3058 164 198 143 255
L_area_9d
3061 53 99 100 255
L_area_9m
3062 255 170 200 255
L_area_46d
3063 78 214 142 255
L_area_46f
3067 242 42 46 255
L_area_46v
3068 164 10 58 255
L_area_12l
3070 94 217 122 255
L_area_12r
3071 45 162 206 255
L_area_45a
3074 227 177 20 255
L_area_45b
3075 180 225 191 255
L_area_44
3076 184 200 216 255
L_M1
3079 95 56 174 255
L_PMdc
3082 229 34 46 255
L_PMdr
3083 18 167 130 255
L_F4
3085 96 184 195 255
L_F5
3086 178 198 62 255
L_preSMA
3088 89 138 126 255
L_SMA
3089 156 157 82 255
L_area_3a-b
3093 143 141 174 255
L_areas_1-2
3094 161 62 193 255
L_SII
3095 121 78 180 255
L_V6
3098 1 196 176 255
L_V6Av
3100 44 206 5 255
L_V6Ad
3101 55 16 249 255
L_PEc-PEci
3104 202 145 217 255
L_PE
3105 9 42 131 255
L_PEa
3106 15 161 76 255
L_MIP
3108 184 94 178 255
L_VIP
3110 203 146 145 255
L_PIP
3111 97 5 101 255
L_AIP
3114 178 132 158 255
L_LIPd
3116 247 51 222 255
L_LIPv
3117 82 46 130 255
L_LOP
3118 15 31 129 255
L_MST
3119 71 54 181 255
L_area_7a
3122 127 125 42 255
L_area_7b
3123 224 103 192 255
L_area_7op
3124 121 105 115 255
L_area_7m
3126 106 247 131 255
L_area_31
3129 52 175 216 255
L_area_23a
3131 165 125 73 255
L_area_23b
3132 199 97 187 255
L_area_23c
3133 205 164 104 255
L_area_v23
3134 224 1 154 255
L_area_29
3136 36 241 157 255
L_area_30
3137 179 17 65 255
L_CA1-CA3
3143 105 42 206 255
L_CA4
3144 76 187 251 255
L_DG
3145 85 101 182 255
L_Sub-proS
3146 99 107 89 255
L_preS-paraS
3147 136 77 189 255
L_TFO
3150 132 192 114 255
L_TF
3151 58 46 38 255
L_TH
3152 148 172 9 255
L_EC
3156 101 134 149 255
L_ECL
3157 224 149 253 255
L_mid_ERh
3158 80 205 29 255
L_rostral_ERh
3159 63 201 7 255
L_area_35
3161 250 7 7 255
L_area_36c
3163 158 2 254 255
L_area_36r-p
3164 99 14 176 255
L_TGa
3166 212 98 24 255
L_TGdd
3169 97 78 128 255
L_TGvd
3170 113 187 172 255
L_TGdg
3172 228 59 238 255
L_TGvg
3173 205 194 190 255
L_TGsts
3174 217 3 96 255
L_TEO
3176 181 18 154 255
L_TEpv
3180 218 66 114 255
L_TEpd
3181 179 226 185 255
L_TEav
3183 186 90 102 255
L_TEad
3184 143 18 232 255
L_TEm
3186 90 158 65 255
L_TEa
3187 174 24 96 255
L_IPa
3190 85 248 16 255
L_PGa
3191 45 114 164 255
L_FST
3192 205 136 155 255
L_TPO
3196 166 11 114 255
L_TAa
3197 155 95 239 255
L_STGr
3198 48 79 208 255
L_Tpt
3200 203 170 143 255
L_CPB
3202 56 30 24 255
L_RPB
3203 123 62 67 255
L_CL
3208 107 142 125 255
L_ML
3209 209 248 204 255
L_AL
3211 21 164 219 255
L_RTL
3212 211 110 22 255
L_CM
3214 122 29 241 255
L_RM
3216 183 59 28 255
L_RTM
3217 145 236 6 255
L_RTp
3218 210 230 144 255
L_R
3221 183 251 13 255
L_RT
3222 162 12 36 255
L_AI
3223 37 24 13 255
L_Pi
3226 35 58 16 255
L_Ia-Id
3228 204 46 191 255
L_Ig
3229 221 26 218 255
L_Ri
3230 225 219 233 255
L_MT
3232 6 11 110 255
L_V4d
3235 64 253 15 255
L_V4v
3236 80 237 182 255
L_V3A
3240 74 71 96 255
L_V3d
3241 205 149 212 255
L_V3v
3242 207 62 93 255
L_possibly_V2
3244 54 154 117 255
L_clearly_V2
3245 150 165 232 255
L_V1
3246 65 220 59 255
