R_ACC
4003 46 188 80 255
R_MCC
4011 80 252 149 255
R_med_OFC
4017 167 56 53 255
R_lat_OFC
4025 16 34 141 255
R_caudal_OFC
4037 117 247 134 255
R_area_8A
4051 97 20 125 255
R_dlPFC
4054 43 210 244 255
R_vlPFC
4064 46 237 207 255
R_M1-PM
4078 141 205 37 255
R_SMA-preSMA
4087 50 13 145 255
R_SI
4092 214 116 245 255
R_SII
4095 9 123 136 255
R_V6-V6A
4097 51 190 237 255
R_area_5
4102 96 84 29 255
R_vm_IPS
4107 192 69 155 255
R_lat_IPS
4113 98 89 61 255
R_MST
4119 106 218 120 255
R_area_7_in_IPL
4120 122 162 18 255
R_area_7m
4126 128 65 11 255
R_PCgG
4127 144 224 159 255
R_HC
4140 107 180 26 255
R_paraHipp
4148 208 181 181 255
R_Rh
4153 219 112 135 255
R_TG
4165 246 21 206 255
R_TEO
4176 132 107 143 255
R_TE
4177 154 180 113 255
R_STSf
4188 44 182 116 255
R_STGr-STSd
4194 83 219 253 255
R_STGc
4199 104 118 80 255
R_belt
4205 173 177 243 255
R_RTp
4218 59 138 243 255
R_core
4219 82 174 102 255
R_floor_of_ls
4224 115 31 238 255
R_MT
4232 178 15 168 255
R_V4
4234 95 85 180 255
R_V2-V3
4237 4 161 145 255
R_V1
4246 75 102 21 255
