R_area_32
4004 241 133 168 255
R_area_25
4005 203 179 142 255
R_area_24a-b
4007 168 1 6 255
R_area_24c
4010 67 207 84 255
R_area_24a-b_prime
4012 111 149 146 255
R_area_24c_prime
4015 215 21 165 255
R_area_10
4018 211 26 80 255
R_area_14
4022 227 82 176 255
R_area_11
4027 35 6 148 255
R_area_13
4030 195 132 192 255
R_area_12m-o
4034 133 100 194 255
R_Iam-Iapm
4039 19 134 14 255
R_lat_Ia
4040 101 102 71 255
R_OLF
4044 8 83 117 255
R_G
4048 43 71 90 255
R_PrCO
4049 132 133 135 255
R_area_8A
4051 7 199 95 255
R_area_8B
4055 46 153 242 255
R_area_9
4060 208 12 152 255
R_area_46d
4063 4 35 37 255
R_area_46v-f
4066 177 163 112 255
R_area_12r-l
4069 252 173 217 255
R_area_45
4073 48 164 38 255
R_area_44
4076 18 200 58 255
R_M1
4079 136 3 78 255
R_PMd
4081 25 184 51 255
R_PMv
4084 21 61 1 255
R_preSMA
4088 84 184 90 255
R_SMA
4089 68 71 139 255
R_area_3a-b
4093 129 21 165 255
R_areas_1-2
4094 57 22 153 255
R_SII
4095 30 253 123 255
R_V6
4098 162 164 245 255
R_V6A
4099 244 62 146 255
R_area_5d
4103 155 128 61 255
R_PEa
4106 194 124 145 255
R_MIP
4108 227 21 255 255
R_fundus_IPS
4109 215 20 255 255
R_AIP
4114 29 255 128 255
R_LIP
4115 186 253 107 255
R_LOP
4118 158 20 74 255
R_MST
4119 141 221 170 255
R_area_7a-b
4121 126 250 76 255
R_area_7op
4124 14 69 139 255
R_area_7m
4126 221 66 68 255
R_area_31
4129 125 195 130 255
R_area_23
4130 20 212 201 255
R_area_v23
4134 24 213 115 255
R_area_29
4136 74 131 175 255
R_area_30
4137 197 196 198 255
R_CA_fields
4142 64 217 213 255
R_DG
4145 140 227 226 255
R_Sub-proS
4146 205 252 103 255
R_preS-paraS
4147 238 10 53 255
R_TF-TFO
4149 64 128 133 255
R_TH
4152 71 41 84 255
R_caudal_ERh
4155 42 205 93 255
R_mid_ERh
4158 159 138 137 255
R_rostral_ERh
4159 155 245 2 255
R_area_35
4161 165 215 85 255
R_area_36
4162 17 91 206 255
R_TGa
4166 150 238 23 255
R_TGd
4168 245 143 143 255
R_TGg
4171 30 227 199 255
R_TEO
4176 52 189 230 255
R_post_TE
4179 202 115 180 255
R_ant_TE
4182 88 13 159 255
R_TE_in_STSv
4185 13 126 100 255
R_ant_STSf
4189 163 128 86 255
R_FST
4192 174 223 178 255
R_TPO
4196 155 50 105 255
R_TAa
4197 5 35 144 255
R_STGr
4198 129 231 145 255
R_Tpt
4200 129 246 246 255
R_parabelt
4201 94 211 183 255
R_CL-ML
4207 182 241 77 255
R_AL-RTL
4210 15 203 53 255
R_CM
4214 123 39 234 255
R_RM-RTM
4215 227 220 108 255
R_RTp
4218 36 253 227 255
R_R-RT
4220 237 109 163 255
R_AI
4223 220 243 178 255
R_Pi
4226 41 85 24 255
R_Ins
4227 224 39 94 255
R_Ri
4230 174 218 172 255
R_MT
4232 12 8 39 255
R_V4d
4235 145 186 61 255
R_V4v
4236 153 100 10 255
R_V3d-V3A
4239 109 133 137 255
R_V3v
4242 122 86 226 255
R_V2
4243 214 30 25 255
R_V1
4246 110 186 230 255
