R_area_32
4004 240 107 250 255
R_area_25
4005 241 32 60 255
R_area_24
4006 65 251 212 255
R_MCC
4011 78 194 99 255
R_area_10
4018 43 11 1 255
R_area_14
4022 23 83 135 255
R_areas_11-13
4026 107 143 234 255
R_area_12m-o
4034 106 82 42 255
R_OFa-p
4038 62 69 100 255
R_OLF
4044 85 76 193 255
R_cl_OFC
4047 245 27 83 255
R_area_8A
4051 53 105 252 255
R_area_8B
4055 54 170 8 255
R_rostral_dlPFC
4059 73 220 171 255
R_rostral_vlPFC
4065 66 136 207 255
R_caudal_vlPFC
4072 194 79 79 255
R_M1
4079 84 200 76 255
R_PM
4080 137 197 125 255
R_SMA-preSMA
4087 90 26 209 255
R_SI
4092 227 123 195 255
R_SII
4095 141 64 149 255
R_V6
4098 103 147 5 255
R_V6A
4099 211 38 255 255
R_area_5
4102 221 151 211 255
R_vm_IPS
4107 131 26 139 255
R_lat_IPS
4113 36 65 131 255
R_MST
4119 202 124 82 255
R_area_7_in_IPL
4120 68 42 32 255
R_area_7m
4126 12 17 51 255
R_PCC
4128 55 107 56 255
R_RSC
4135 9 228 228 255
R_HiF
4141 226 44 127 255
R_preS-paraS
4147 47 194 76 255
R_paraHipp
4148 190 149 182 255
R_ERh
4154 49 234 233 255
R_PRh
4160 218 114 177 255
R_TGa
4166 171 180 197 255
R_TGg-TGd
4167 248 12 69 255
R_TEO
4176 103 172 122 255
R_gyral_TE
4178 75 169 18 255
R_TE_in_STSv
4185 180 23 141 255
R_STSf
4188 145 105 33 255
R_STSd
4195 103 97 211 255
R_STGr
4198 126 220 94 255
R_STGc
4199 192 252 46 255
R_lat_belt
4206 99 104 63 255
R_med_belt
4213 13 90 132 255
R_RTp
4218 157 89 251 255
R_core
4219 204 129 244 255
R_Ins-Pi
4225 225 240 187 255
R_Ri
4230 69 88 146 255
R_MT
4232 183 141 158 255
R_V4
4234 93 133 159 255
R_V3
4238 222 48 253 255
R_V2
4243 239 47 124 255
R_V1
4246 57 183 245 255
