3004
3005
3008
3009
3010
3013
3014
3015
3019
3020
3021
3023
3024
3028
3029
3031
3032
3033
3035
3036
3039
3041
3042
3043
3045
3046
3048
3049
3052
3053
3056
3057
3058
3061
3062
3063
3067
3068
3070
3071
3074
3075
3076
3079
3082
3083
3085
3086
3088
3089
3093
3094
3095
3098
3100
3101
3104
3105
3106
3108
3110
3111
3114
3116
3117
3118
3119
3122
3123
3124
3126
3129
3131
3132
3133
3134
3136
3137
3143
3144
3145
3146
3147
3150
3151
3152
3156
3157
3158
3159
3161
3163
3164
3166
3169
3170
3172
3173
3174
3176
3180
3181
3183
3184
3186
3187
3190
3191
3192
3196
3197
3198
3200
3202
3203
3208
3209
3211
3212
3214
3216
3217
3218
3221
3222
3223
3226
3228
3229
3230
3232
3235
3236
3240
3241
3242
3244
3245
3246
