R_1
1 255 119 122 255
R_2
2 160 0 68 255
R_3
3 68 196 197 255
R_5
4 53 77 130 255
R_9
5 255 184 0 255
R_10
6 255 0 0 255
R_11
7 0 161 0 255
R_12
8 125 0 255 255
R_13
9 61 61 64 255
R_14
10 95 0 128 255
R_23
11 0 69 0 255
R_25
12 0 124 0 255
R_31
13 0 0 86 255
R_32
14 0 121 255 255
R_44
15 255 255 174 255
R_24a
16 0 240 121 255
R_24b
17 255 146 83 255
R_24c
18 121 0 16 255
R_24d
19 255 72 47 255
R_29/30
20 187 68 255 255
R_45A
21 200 0 200 255
R_45B
22 0 124 125 255
R_46d
23 255 121 0 255
R_46v
24 255 235 0 255
R_7A
25 149 54 6 255
R_7B
26 97 48 170 255
R_7m
27 136 138 223 255
R_7op
28 0 48 198 255
R_8B
29 102 120 255 255
R_8l
30 163 0 0 255
R_8m
31 112 46 0 255
R_8r
32 237 0 52 255
R_9/46d
33 121 159 0 255
R_9/46v
34 197 255 0 255
R_AIP
35 169 135 0 255
R_CORE
36 255 0 0 255
R_DP
37 150 150 57 255
R_ENTORHINAL
38 130 198 57 255
R_F1
39 95 74 41 255
R_F2
40 255 148 255 255
R_F3
41 149 131 232 255
R_F4
42 5 43 129 255
R_F5
43 184 219 255 255
R_F6
44 23 224 255 255
R_F7
45 255 56 70 255
R_FST
46 123 58 31 255
R_Gu
47 0 48 0 255
R_INSULA
48 146 70 255 255
R_IPa
49 0 154 255 255
R_LB
50 0 65 116 255
R_LIP
51 255 118 0 255
R_MB
52 128 61 84 255
R_MIP
53 52 123 64 255
R_MST
54 146 134 186 255
R_MT
55 255 0 0 255
R_OPAI
56 247 217 148 255
R_OPRO
57 255 222 223 255
R_Parainsula
58 172 223 255 255
R_PBc
59 236 206 55 255
R_PBr
60 196 255 255 255
R_PERIRHINAL
61 126 255 255 255
R_PGa
62 124 168 102 255
R_PIP
63 255 0 150 255
R_PIRIFORM
64 255 255 0 255
R_ProM
65 197 255 200 255
R_Pro.St
66 255 159 77 255
R_SII
67 222 9 6 255
R_STPc
68 181 0 84 255
R_STPi
69 103 0 84 255
R_STPr
70 69 0 160 255
R_SUBICULUM
71 30 130 230 255
R_TEad
72 0 255 248 255
R_TEa/ma
73 98 220 170 255
R_TEa/mp
74 59 189 54 255
R_TEav
75 0 255 104 255
R_TEMPORAL_POLE
76 133 0 121 255
R_TEO
77 255 95 161 255
R_TEOm
78 70 116 173 255
R_TEpd
79 223 162 0 255
R_TEpv
80 173 209 0 255
R_TH/TF
81 255 0 146 255
R_TPt
82 133 195 174 255
R_V1
83 210 58 58 255
R_V2
84 255 255 0 255
R_V3
85 0 255 0 255
R_V3A
86 48 115 48 255
R_V4
87 0 0 255 255
R_V4t
88 174 17 132 255
R_V6
89 167 0 255 255
R_V6A
90 36 189 125 255
R_VIP
91 0 184 0 255
L_1
92 255 119 122 255
L_2
93 160 0 68 255
L_3
94 68 196 197 255
L_5
95 53 77 130 255
L_9
96 255 184 0 255
L_10
97 255 0 0 255
L_11
98 0 161 0 255
L_12
99 125 0 255 255
L_13
100 61 61 64 255
L_14
101 95 0 128 255
L_23
102 0 69 0 255
L_25
103 0 124 0 255
L_31
104 0 0 86 255
L_32
105 0 121 255 255
L_44
106 255 255 174 255
L_24a
107 0 240 121 255
L_24b
108 255 146 83 255
L_24c
109 121 0 16 255
L_24d
110 255 72 47 255
L_29/30
111 187 68 255 255
L_45A
112 200 0 200 255
L_45B
113 0 124 125 255
L_46d
114 255 121 0 255
L_46v
115 255 235 0 255
L_7A
116 149 54 6 255
L_7B
117 97 48 170 255
L_7m
118 136 138 223 255
L_7op
119 0 48 198 255
L_8B
120 102 120 255 255
L_8l
121 163 0 0 255
L_8m
122 112 46 0 255
L_8r
123 237 0 52 255
L_9/46d
124 121 159 0 255
L_9/46v
125 197 255 0 255
L_AIP
126 169 135 0 255
L_CORE
127 255 0 0 255
L_DP
128 150 150 57 255
L_ENTORHINAL
129 130 198 57 255
L_F1
130 95 74 41 255
L_F2
131 255 148 255 255
L_F3
132 149 131 232 255
L_F4
133 5 43 129 255
L_F5
134 184 219 255 255
L_F6
135 23 224 255 255
L_F7
136 255 56 70 255
L_FST
137 123 58 31 255
L_Gu
138 0 48 0 255
L_INSULA
139 146 70 255 255
L_IPa
140 0 154 255 255
L_LB
141 0 65 116 255
L_LIP
142 255 118 0 255
L_MB
143 128 61 84 255
L_MIP
144 52 123 64 255
L_MST
145 146 134 186 255
L_MT
146 255 0 0 255
L_OPAI
147 247 217 148 255
L_OPRO
148 255 222 223 255
L_Parainsula
149 172 223 255 255
L_PBc
150 236 206 55 255
L_PBr
151 196 255 255 255
L_PERIRHINAL
152 123 0 128 255
L_PGa
153 124 168 102 255
L_PIP
154 255 0 150 255
L_PIRIFORM
155 255 255 0 255
L_ProM
156 197 255 200 255
L_Pro.St
157 255 159 77 255
L_SII
158 222 9 6 255
L_STPc
159 181 0 84 255
L_STPi
160 103 0 84 255
L_STPr
161 69 0 160 255
L_SUBICULUM
162 30 130 230 255
L_TEad
163 0 255 248 255
L_TEa/ma
164 98 220 170 255
L_TEa/mp
165 59 189 54 255
L_TEav
166 0 255 104 255
L_TEMPORAL_POLE
167 133 0 121 255
L_TEO
168 255 95 161 255
L_TEOm
169 70 116 173 255
L_TEpd
170 223 162 0 255
L_TEpv
171 173 209 0 255
L_TH/TF
172 255 0 146 255
L_TPt
173 133 195 174 255
L_V1
174 210 58 58 255
L_V2
175 255 255 0 255
L_V3
176 0 255 0 255
L_V3A
177 48 115 48 255
L_V4
178 0 0 255 255
L_V4t
179 174 17 132 255
L_V6
180 167 0 255 255
L_V6A
181 36 189 125 255
L_VIP
182 0 184 0 255
L_LPal
1003 101 230 156 255
L_VPal
1005 42 128 177 255
L_HF
1011 194 69 66 255
L_f
1015 185 4 113 255
L_pAmy
1017 35 58 212 255
L_spAmy
1032 144 8 150 255
L_Str
1043 41 183 133 255
L_Pd
1054 128 129 170 255
L_DSP
1061 60 114 116 255
L_POC
1069 212 7 241 255
L_THy
1076 40 138 36 255
L_PHy
1092 67 65 114 255
L_Pit
1100 71 103 171 255
L_ZI-H
1104 125 74 106 255
L_Rt
1106 148 108 111 255
L_MThal
1107 97 83 175 255
L_MLThal
1120 186 98 91 255
L_VThal
1128 5 60 21 255
L_PThal
1141 223 228 20 255
L_GThal
1150 60 203 209 255
L_EpiThal
1153 196 182 150 255
L_PrT
1156 49 241 246 255
L_DMid
1164 88 87 216 255
L_LMid
1173 189 225 165 255
L_MMid
1185 229 125 175 255
L_VMid
1193 14 143 232 255
L_DPons
1206 200 171 168 255
L_LPons
1219 108 131 96 255
L_VPons
1224 140 97 144 255
L_wmCB
1242 58 151 15 255
L_DCb
1245 224 85 67 255
L_CbCx
1251 240 244 16 255
L_DMed
1281 241 6 196 255
L_IMed
1299 39 144 68 255
L_VMed
1311 84 44 16 255
R_LPal
2003 163 94 69 255
R_VPal
2005 137 14 236 255
R_HF
2011 229 155 162 255
R_f
2015 128 11 121 255
R_pAmy
2017 15 52 126 255
R_spAmy
2032 195 252 169 255
R_Str
2043 173 55 33 255
R_Pd
2054 111 248 145 255
R_DSP
2061 108 121 160 255
R_POC
2069 81 135 240 255
R_THy
2076 233 184 59 255
R_PHy
2092 60 40 4 255
R_Pit
2100 104 133 204 255
R_ZI-H
2104 244 204 148 255
R_Rt
2106 161 15 109 255
R_MThal
2107 129 211 38 255
R_MLThal
2120 118 51 23 255
R_VThal
2128 155 220 116 255
R_PThal
2141 222 156 167 255
R_GThal
2150 120 63 251 255
R_EpiThal
2153 115 109 61 255
R_PrT
2156 75 56 246 255
R_DMid
2164 47 76 24 255
R_LMid
2173 175 50 179 255
R_MMid
2185 130 153 74 255
R_VMid
2193 169 202 168 255
R_DPons
2206 2 69 141 255
R_LPons
2219 136 51 194 255
R_VPons
2224 89 153 160 255
R_wmCB
2242 188 60 200 255
R_DCb
2245 123 205 188 255
R_CbCx
2251 63 27 225 255
R_DMed
2281 2 52 16 255
R_IMed
2299 45 160 4 255
R_VMed
2311 186 215 246 255
L_ACC
3003 184 58 21 255
L_MCC
3011 250 127 213 255
L_med_OFC
3017 244 61 33 255
L_lat_OFC
3025 201 142 83 255
L_caudal_OFC
3037 5 50 239 255
L_area_8A
3051 160 5 59 255
L_dlPFC
3054 243 115 245 255
L_vlPFC
3064 184 165 136 255
L_M1-PM
3078 143 137 177 255
L_SMA-preSMA
3087 62 138 58 255
L_SI
3092 215 88 206 255
L_SII
3095 172 70 131 255
L_V6-V6A
3097 211 214 147 255
L_area_5
3102 60 83 80 255
L_vm_IPS
3107 226 133 192 255
L_lat_IPS
3113 204 39 115 255
L_MST
3119 151 169 26 255
L_area_7_in_IPL
3120 157 22 162 255
L_area_7m
3126 86 72 159 255
L_PCgG
3127 8 155 166 255
L_HC
3140 255 237 44 255
L_paraHipp
3148 204 203 1 255
L_Rh
3153 106 91 255 255
L_TG
3165 45 208 24 255
L_TEO
3176 62 86 76 255
L_TE
3177 72 36 115 255
L_STSf
3188 107 100 198 255
L_STGr-STSd
3194 252 127 225 255
L_STGc
3199 206 163 55 255
L_belt
3205 12 156 59 255
L_RTp
3218 16 173 125 255
L_core
3219 7 86 9 255
L_floor_of_ls
3224 121 253 216 255
L_MT
3232 110 44 57 255
L_V4
3234 83 217 213 255
L_V2-V3
3237 221 29 76 255
L_V1
3246 94 119 164 255
R_ACC
4003 46 188 80 255
R_MCC
4011 80 252 149 255
R_med_OFC
4017 167 56 53 255
R_lat_OFC
4025 16 34 141 255
R_caudal_OFC
4037 117 247 134 255
R_area_8A
4051 97 20 125 255
R_dlPFC
4054 43 210 244 255
R_vlPFC
4064 46 237 207 255
R_M1-PM
4078 141 205 37 255
R_SMA-preSMA
4087 50 13 145 255
R_SI
4092 214 116 245 255
R_SII
4095 9 123 136 255
R_V6-V6A
4097 51 190 237 255
R_area_5
4102 96 84 29 255
R_vm_IPS
4107 192 69 155 255
R_lat_IPS
4113 98 89 61 255
R_MST
4119 106 218 120 255
R_area_7_in_IPL
4120 122 162 18 255
R_area_7m
4126 128 65 11 255
R_PCgG
4127 144 224 159 255
R_HC
4140 107 180 26 255
R_paraHipp
4148 208 181 181 255
R_Rh
4153 219 112 135 255
R_TG
4165 246 21 206 255
R_TEO
4176 132 107 143 255
R_TE
4177 154 180 113 255
R_STSf
4188 44 182 116 255
R_STGr-STSd
4194 83 219 253 255
R_STGc
4199 104 118 80 255
R_belt
4205 173 177 243 255
R_RTp
4218 59 138 243 255
R_core
4219 82 174 102 255
R_floor_of_ls
4224 115 31 238 255
R_MT
4232 178 15 168 255
R_V4
4234 95 85 180 255
R_V2-V3
4237 4 161 145 255
R_V1
4246 75 102 21 255
