R_1
1 255 119 122 255
R_2
2 160 0 68 255
R_3
3 68 196 197 255
R_5
4 53 77 130 255
R_9
5 255 184 0 255
R_10
6 255 0 0 255
R_11
7 0 161 0 255
R_12
8 125 0 255 255
R_13
9 61 61 64 255
R_14
10 95 0 128 255
R_23
11 0 69 0 255
R_25
12 0 124 0 255
R_31
13 0 0 86 255
R_32
14 0 121 255 255
R_44
15 255 255 174 255
R_24a
16 0 240 121 255
R_24b
17 255 146 83 255
R_24c
18 121 0 16 255
R_24d
19 255 72 47 255
R_29/30
20 187 68 255 255
R_45A
21 200 0 200 255
R_45B
22 0 124 125 255
R_46d
23 255 121 0 255
R_46v
24 255 235 0 255
R_7A
25 149 54 6 255
R_7B
26 97 48 170 255
R_7m
27 136 138 223 255
R_7op
28 0 48 198 255
R_8B
29 102 120 255 255
R_8l
30 163 0 0 255
R_8m
31 112 46 0 255
R_8r
32 237 0 52 255
R_9/46d
33 121 159 0 255
R_9/46v
34 197 255 0 255
R_AIP
35 169 135 0 255
R_CORE
36 255 0 0 255
R_DP
37 150 150 57 255
R_ENTORHINAL
38 130 198 57 255
R_F1
39 95 74 41 255
R_F2
40 255 148 255 255
R_F3
41 149 131 232 255
R_F4
42 5 43 129 255
R_F5
43 184 219 255 255
R_F6
44 23 224 255 255
R_F7
45 255 56 70 255
R_FST
46 123 58 31 255
R_Gu
47 0 48 0 255
R_INSULA
48 146 70 255 255
R_IPa
49 0 154 255 255
R_LB
50 0 65 116 255
R_LIP
51 255 118 0 255
R_MB
52 128 61 84 255
R_MIP
53 52 123 64 255
R_MST
54 146 134 186 255
R_MT
55 255 0 0 255
R_OPAI
56 247 217 148 255
R_OPRO
57 255 222 223 255
R_Parainsula
58 172 223 255 255
R_PBc
59 236 206 55 255
R_PBr
60 196 255 255 255
R_PERIRHINAL
61 126 255 255 255
R_PGa
62 124 168 102 255
R_PIP
63 255 0 150 255
R_PIRIFORM
64 255 255 0 255
R_ProM
65 197 255 200 255
R_Pro.St
66 255 159 77 255
R_SII
67 222 9 6 255
R_STPc
68 181 0 84 255
R_STPi
69 103 0 84 255
R_STPr
70 69 0 160 255
R_SUBICULUM
71 30 130 230 255
R_TEad
72 0 255 248 255
R_TEa/ma
73 98 220 170 255
R_TEa/mp
74 59 189 54 255
R_TEav
75 0 255 104 255
R_TEMPORAL_POLE
76 133 0 121 255
R_TEO
77 255 95 161 255
R_TEOm
78 70 116 173 255
R_TEpd
79 223 162 0 255
R_TEpv
80 173 209 0 255
R_TH/TF
81 255 0 146 255
R_TPt
82 133 195 174 255
R_V1
83 210 58 58 255
R_V2
84 255 255 0 255
R_V3
85 0 255 0 255
R_V3A
86 48 115 48 255
R_V4
87 0 0 255 255
R_V4t
88 174 17 132 255
R_V6
89 167 0 255 255
R_V6A
90 36 189 125 255
R_VIP
91 0 184 0 255
L_1
92 255 119 122 255
L_2
93 160 0 68 255
L_3
94 68 196 197 255
L_5
95 53 77 130 255
L_9
96 255 184 0 255
L_10
97 255 0 0 255
L_11
98 0 161 0 255
L_12
99 125 0 255 255
L_13
100 61 61 64 255
L_14
101 95 0 128 255
L_23
102 0 69 0 255
L_25
103 0 124 0 255
L_31
104 0 0 86 255
L_32
105 0 121 255 255
L_44
106 255 255 174 255
L_24a
107 0 240 121 255
L_24b
108 255 146 83 255
L_24c
109 121 0 16 255
L_24d
110 255 72 47 255
L_29/30
111 187 68 255 255
L_45A
112 200 0 200 255
L_45B
113 0 124 125 255
L_46d
114 255 121 0 255
L_46v
115 255 235 0 255
L_7A
116 149 54 6 255
L_7B
117 97 48 170 255
L_7m
118 136 138 223 255
L_7op
119 0 48 198 255
L_8B
120 102 120 255 255
L_8l
121 163 0 0 255
L_8m
122 112 46 0 255
L_8r
123 237 0 52 255
L_9/46d
124 121 159 0 255
L_9/46v
125 197 255 0 255
L_AIP
126 169 135 0 255
L_CORE
127 255 0 0 255
L_DP
128 150 150 57 255
L_ENTORHINAL
129 130 198 57 255
L_F1
130 95 74 41 255
L_F2
131 255 148 255 255
L_F3
132 149 131 232 255
L_F4
133 5 43 129 255
L_F5
134 184 219 255 255
L_F6
135 23 224 255 255
L_F7
136 255 56 70 255
L_FST
137 123 58 31 255
L_Gu
138 0 48 0 255
L_INSULA
139 146 70 255 255
L_IPa
140 0 154 255 255
L_LB
141 0 65 116 255
L_LIP
142 255 118 0 255
L_MB
143 128 61 84 255
L_MIP
144 52 123 64 255
L_MST
145 146 134 186 255
L_MT
146 255 0 0 255
L_OPAI
147 247 217 148 255
L_OPRO
148 255 222 223 255
L_Parainsula
149 172 223 255 255
L_PBc
150 236 206 55 255
L_PBr
151 196 255 255 255
L_PERIRHINAL
152 123 0 128 255
L_PGa
153 124 168 102 255
L_PIP
154 255 0 150 255
L_PIRIFORM
155 255 255 0 255
L_ProM
156 197 255 200 255
L_Pro.St
157 255 159 77 255
L_SII
158 222 9 6 255
L_STPc
159 181 0 84 255
L_STPi
160 103 0 84 255
L_STPr
161 69 0 160 255
L_SUBICULUM
162 30 130 230 255
L_TEad
163 0 255 248 255
L_TEa/ma
164 98 220 170 255
L_TEa/mp
165 59 189 54 255
L_TEav
166 0 255 104 255
L_TEMPORAL_POLE
167 133 0 121 255
L_TEO
168 255 95 161 255
L_TEOm
169 70 116 173 255
L_TEpd
170 223 162 0 255
L_TEpv
171 173 209 0 255
L_TH/TF
172 255 0 146 255
L_TPt
173 133 195 174 255
L_V1
174 210 58 58 255
L_V2
175 255 255 0 255
L_V3
176 0 255 0 255
L_V3A
177 48 115 48 255
L_V4
178 0 0 255 255
L_V4t
179 174 17 132 255
L_V6
180 167 0 255 255
L_V6A
181 36 189 125 255
L_VIP
182 0 184 0 255
L_Cl
1004 223 143 162 255
L_DEn
1007 231 200 228 255
L_VEn
1008 1 150 133 255
L_Pir
1009 228 228 160 255
L_Hi
1012 227 12 160 255
L_S
1013 11 85 118 255
L_fi
1014 170 53 135 255
L_f
1015 141 157 51 255
L_BM
1019 49 113 105 255
L_VCo
1020 129 103 14 255
L_AHi
1021 246 176 181 255
L_La
1023 117 232 108 255
L_APir
1026 57 165 22 255
L_BL
1027 248 175 85 255
L_PaL
1031 72 110 54 255
L_Ce
1034 204 204 102 255
L_Me
1036 140 91 104 255
L_AA
1037 21 142 98 255
L_EA
1039 204 9 51 255
L_IPAC
1040 207 32 153 255
L_STIA
1041 1 194 105 255
L_Cd
1045 181 158 159 255
L_Pu
1048 112 47 53 255
L_ASt
1049 103 173 156 255
L_ic
1050 107 234 155 255
L_Acb
1052 113 29 171 255
L_Tu
1053 134 230 212 255
L_GP
1055 38 95 196 255
L_ac
1059 53 66 169 255
L_VP
1060 68 213 114 255
L_BR
1062 199 40 102 255
L_ST
1065 89 162 96 255
L_SFi
1067 29 177 185 255
L_SDB
1068 172 83 239 255
L_opt
1070 8 239 181 255
L_PO
1072 162 67 88 255
L_LTer-VOLT
1073 91 25 36 255
L_Pa
1078 109 1 97 255
L_VMH
1080 201 162 228 255
L_MEm
1081 43 24 132 255
L_Arc
1082 153 20 47 255
L_SOpt
1084 156 63 72 255
L_AH
1085 172 219 194 255
L_DM
1086 200 250 223 255
L_LHy
1087 3 254 15 255
L_STh
1091 77 30 159 255
L_PH
1094 196 214 112 255
L_PeF
1096 83 136 172 255
L_MM-RM
1097 87 22 133 255
L_APit
1101 162 136 242 255
L_PPit
1102 232 216 17 255
L_ZI-H
1104 215 152 37 255
L_Rt
1106 213 9 235 255
L_AR
1109 103 187 138 255
L_CL-PC
1113 40 126 75 255
L_CMn-PF
1114 4 31 187 255
L_SPFC
1115 105 24 128 255
L_SG
1117 202 153 122 255
L_Lim
1118 98 17 98 255
L_MD
1119 74 12 127 255
L_IMD
1121 76 96 174 255
L_PT-PV-sm
1122 120 111 37 255
L_PVP
1123 36 166 199 255
L_PVA
1124 29 254 109 255
L_IAM
1125 173 209 24 255
L_CM
1126 252 96 126 255
L_Re-Rh-Xi
1127 159 125 16 255
L_VA
1130 88 111 169 255
L_VLA
1131 253 186 217 255
L_VLX
1133 227 163 129 255
L_VLPV
1134 176 46 102 255
L_VLPD
1135 216 156 95 255
L_VPM-VPL
1137 47 1 86 255
L_VMPo-VMB
1138 219 157 133 255
L_VPI
1139 235 211 111 255
L_VM
1140 67 204 241 255
L_LP
1142 137 53 197 255
L_LD
1143 121 124 242 255
L_APul
1145 74 240 11 255
L_MPul
1146 146 233 210 255
L_LPul
1147 138 195 71 255
L_IPul
1148 110 139 9 255
L_bsc
1149 195 130 102 255
L_DLG
1151 36 115 83 255
L_MG
1152 90 215 194 255
L_Pi
1154 98 139 151 255
L_Hb
1155 228 55 183 255
L_PCR
1157 155 30 104 255
L_p1Rt
1161 146 129 217 255
L_SC
1166 9 135 175 255
L_ICoC
1167 181 12 1 255
L_n4
1171 129 227 209 255
L_PAG
1172 43 82 104 255
L_PBG
1175 223 151 35 255
L_MiTg
1176 132 66 215 255
L_PrCnF
1177 146 118 162 255
L_CnF
1178 169 121 110 255
L_VLTg
1179 111 179 30 255
L_PTg
1180 65 229 26 255
L_ATg
1181 222 60 80 255
L_mRt
1183 4 65 99 255
L_RIs
1184 173 82 109 255
L_OM
1187 204 246 190 255
L_mlf
1188 22 99 247 255
L_MR
1190 173 190 22 255
L_DR
1191 255 202 102 255
L_LiR
1192 194 117 211 255
L_R-
1194 126 226 81 255
L_RF
1198 223 73 72 255
L_SN
1199 72 147 180 255
L_VTA
1200 181 88 252 255
L_IP
1201 98 165 218 255
L_n3
1202 62 18 225 255
L_cp
1203 112 178 163 255
L_PBC
1207 63 212 186 255
L_LC-Me5
1213 9 31 171 255
L_me5
1214 196 52 73 255
L_CG
1215 151 52 115 255
L_LDTg
1217 102 95 124 255
L_MDTg
1218 96 95 217 255
L_ll
1221 202 208 1 255
L_DLL
1222 60 64 64 255
L_ILL-VLL
1223 97 43 155 255
L_SubC
1226 147 240 40 255
L_RtTg
1227 77 74 62 255
L_xscp
1228 189 167 79 255
L_PnO
1229 170 99 174 255
L_PnC
1230 241 5 98 255
L_SO
1232 255 183 53 255
L_ml
1233 241 172 155 255
L_tz
1234 88 10 75 255
L_Pn
1236 97 201 161 255
L_spf
1237 195 202 143 255
L_icp
1243 213 148 153 255
L_oc
1244 163 106 78 255
L_Lat
1246 122 9 74 255
L_Int
1247 238 240 206 255
L_Fas
1250 6 61 213 255
L_Fl-PFl
1252 141 95 78 255
L_AVCbCx
1256 3 195 215 255
L_PVCbCx
1262 155 188 251 255
L_ICbCx
1268 140 138 14 255
L_LCbCx
1276 248 125 227 255
L_Ve
1283 95 34 220 255
L_DVC
1284 218 25 186 255
L_n8
1285 206 173 97 255
L_Pr
1286 5 134 118 255
L_Nu5
1288 225 125 50 255
L_Pr5
1289 203 229 66 255
L_Sp5
1290 125 27 241 255
L_CuGr
1295 80 128 159 255
L_obex
1296 243 238 6 255
L_Sol
1297 251 240 130 255
L_Nu10-12
1298 67 25 146 255
L_Nu6
1301 50 158 50 255
L_Nu7
1302 198 102 72 255
L_PCIRt
1304 221 212 62 255
L_DPGi
1305 49 50 146 255
L_Gi
1306 139 76 43 255
L_MdRt
1307 229 224 161 255
L_RMg
1309 174 55 188 255
L_ROb
1310 107 99 95 255
L_IO
1313 81 254 226 255
L_LRt
1314 193 122 61 255
L_py
1316 51 72 137 255
L_pyx
1317 17 34 169 255
L_cst
1318 208 142 103 255
R_Cl
2004 92 115 251 255
R_DEn
2007 40 202 115 255
R_VEn
2008 122 252 234 255
R_Pir
2009 154 117 178 255
R_Hi
2012 142 198 94 255
R_S
2013 224 238 64 255
R_fi
2014 15 93 235 255
R_f
2015 224 252 61 255
R_BM
2019 247 170 187 255
R_VCo
2020 207 182 32 255
R_AHi
2021 53 16 107 255
R_La
2023 21 253 86 255
R_APir
2026 30 160 234 255
R_BL
2027 94 225 196 255
R_PaL
2031 43 228 29 255
R_Ce
2034 44 122 179 255
R_Me
2036 195 245 58 255
R_AA
2037 140 60 136 255
R_EA
2039 28 46 15 255
R_IPAC
2040 25 53 235 255
R_STIA
2041 210 42 68 255
R_Cd
2045 65 7 140 255
R_Pu
2048 1 39 178 255
R_ASt
2049 69 1 212 255
R_ic
2050 198 9 21 255
R_Acb
2052 83 252 62 255
R_Tu
2053 11 109 107 255
R_GP
2055 126 41 55 255
R_ac
2059 170 199 232 255
R_VP
2060 120 210 71 255
R_BR
2062 243 156 83 255
R_ST
2065 209 215 140 255
R_SFi
2067 115 78 14 255
R_SDB
2068 113 200 239 255
R_opt
2070 115 54 123 255
R_PO
2072 193 9 243 255
R_LTer-VOLT
2073 208 123 38 255
R_Pa
2078 18 182 30 255
R_VMH
2080 141 167 174 255
R_MEm
2081 128 190 139 255
R_Arc
2082 218 23 41 255
R_SOpt
2084 158 98 54 255
R_AH
2085 37 95 187 255
R_DM
2086 206 117 46 255
R_LHy
2087 35 36 44 255
R_STh
2091 202 237 84 255
R_PH
2094 111 216 124 255
R_PeF
2096 75 46 100 255
R_MM-RM
2097 234 51 42 255
R_APit
2101 132 194 75 255
R_PPit
2102 38 77 238 255
R_ZI-H
2104 187 244 110 255
R_Rt
2106 132 170 214 255
R_AR
2109 145 230 228 255
R_CL-PC
2113 49 12 169 255
R_CMn-PF
2114 98 174 174 255
R_SPFC
2115 106 19 116 255
R_SG
2117 21 14 235 255
R_Lim
2118 155 183 35 255
R_MD
2119 26 34 32 255
R_IMD
2121 241 7 178 255
R_PT-PV-sm
2122 230 19 170 255
R_PVP
2123 244 138 43 255
R_PVA
2124 191 113 123 255
R_IAM
2125 39 10 103 255
R_CM
2126 235 206 141 255
R_Re-Rh-Xi
2127 104 91 169 255
R_VA
2130 35 225 4 255
R_VLA
2131 167 17 108 255
R_VLX
2133 68 3 19 255
R_VLPV
2134 254 132 216 255
R_VLPD
2135 225 223 128 255
R_VPM-VPL
2137 205 136 113 255
R_VMPo-VMB
2138 176 43 105 255
R_VPI
2139 184 97 181 255
R_VM
2140 53 49 48 255
R_LP
2142 76 230 222 255
R_LD
2143 236 216 175 255
R_APul
2145 58 239 66 255
R_MPul
2146 90 140 19 255
R_LPul
2147 133 206 16 255
R_IPul
2148 26 125 205 255
R_bsc
2149 102 203 236 255
R_DLG
2151 168 161 255 255
R_MG
2152 54 237 22 255
R_Pi
2154 222 68 41 255
R_Hb
2155 154 225 8 255
R_PCR
2157 32 221 139 255
R_p1Rt
2161 59 67 218 255
R_SC
2166 208 20 10 255
R_ICoC
2167 122 135 201 255
R_n4
2171 232 142 13 255
R_PAG
2172 243 245 39 255
R_PBG
2175 78 151 110 255
R_MiTg
2176 45 127 24 255
R_PrCnF
2177 108 125 171 255
R_CnF
2178 57 106 73 255
R_VLTg
2179 246 188 77 255
R_PTg
2180 243 103 108 255
R_ATg
2181 80 185 171 255
R_mRt
2183 165 137 18 255
R_RIs
2184 164 193 251 255
R_OM
2187 198 30 94 255
R_mlf
2188 176 206 232 255
R_MR
2190 83 70 33 255
R_DR
2191 12 191 183 255
R_LiR
2192 157 189 61 255
R_R-
2194 154 224 11 255
R_RF
2198 39 43 243 255
R_SN
2199 148 120 169 255
R_VTA
2200 154 17 135 255
R_IP
2201 242 111 74 255
R_n3
2202 114 92 128 255
R_cp
2203 2 22 15 255
R_PBC
2207 57 126 146 255
R_LC-Me5
2213 144 121 211 255
R_me5
2214 164 131 240 255
R_CG
2215 89 115 137 255
R_LDTg
2217 153 241 135 255
R_MDTg
2218 21 188 223 255
R_ll
2221 222 243 197 255
R_DLL
2222 127 194 56 255
R_ILL-VLL
2223 87 156 152 255
R_SubC
2226 154 191 3 255
R_RtTg
2227 106 97 174 255
R_xscp
2228 247 127 11 255
R_PnO
2229 89 5 168 255
R_PnC
2230 133 73 106 255
R_SO
2232 77 179 25 255
R_ml
2233 202 87 61 255
R_tz
2234 81 188 134 255
R_Pn
2236 38 176 250 255
R_spf
2237 46 73 231 255
R_icp
2243 35 201 132 255
R_oc
2244 109 184 176 255
R_Lat
2246 114 127 120 255
R_Int
2247 26 180 144 255
R_Fas
2250 1 197 188 255
R_Fl-PFl
2252 84 128 229 255
R_AVCbCx
2256 190 34 83 255
R_PVCbCx
2262 251 218 128 255
R_ICbCx
2268 56 32 69 255
R_LCbCx
2276 149 193 171 255
R_Ve
2283 108 179 33 255
R_DVC
2284 177 229 157 255
R_n8
2285 193 80 25 255
R_Pr
2286 44 172 211 255
R_Nu5
2288 130 70 98 255
R_Pr5
2289 247 126 85 255
R_Sp5
2290 231 7 66 255
R_CuGr
2295 58 235 36 255
R_obex
2296 32 227 39 255
R_Sol
2297 187 18 255 255
R_Nu10-12
2298 202 185 65 255
R_Nu6
2301 51 9 224 255
R_Nu7
2302 87 92 132 255
R_PCIRt
2304 227 238 151 255
R_DPGi
2305 106 153 185 255
R_Gi
2306 95 55 128 255
R_MdRt
2307 16 152 35 255
R_RMg
2309 58 11 171 255
R_ROb
2310 32 192 229 255
R_IO
2313 152 163 176 255
R_LRt
2314 12 148 199 255
R_py
2316 26 218 82 255
R_pyx
2317 207 81 2 255
R_cst
2318 8 215 40 255
L_area_32
3004 19 19 23 255
L_area_25
3005 136 139 111 255
L_area_24a-b
3007 102 182 242 255
L_area_24c
3010 238 190 141 255
L_area_24a-b_prime
3012 82 139 58 255
L_area_24c_prime
3015 184 79 68 255
L_area_10
3018 91 26 96 255
L_area_14
3022 85 216 213 255
L_area_11
3027 104 190 220 255
L_area_13
3030 17 82 156 255
L_area_12m-o
3034 246 45 77 255
L_Iam-Iapm
3039 241 57 244 255
L_lat_Ia
3040 123 180 206 255
L_OLF
3044 92 208 85 255
L_G
3048 22 157 74 255
L_PrCO
3049 162 129 207 255
L_area_8A
3051 96 133 235 255
L_area_8B
3055 1 91 227 255
L_area_9
3060 78 138 155 255
L_area_46d
3063 151 56 149 255
L_area_46v-f
3066 9 149 100 255
L_area_12r-l
3069 206 217 125 255
L_area_45
3073 219 165 96 255
L_area_44
3076 199 202 222 255
L_M1
3079 249 224 213 255
L_PMd
3081 145 147 231 255
L_PMv
3084 73 103 119 255
L_preSMA
3088 18 245 221 255
L_SMA
3089 8 115 77 255
L_area_3a-b
3093 234 42 156 255
L_areas_1-2
3094 127 50 13 255
L_SII
3095 92 227 73 255
L_V6
3098 186 220 164 255
L_V6A
3099 110 216 94 255
L_area_5d
3103 135 197 227 255
L_PEa
3106 35 193 249 255
L_MIP
3108 189 112 118 255
L_fundus_IPS
3109 104 235 84 255
L_AIP
3114 189 216 61 255
L_LIP
3115 137 84 67 255
L_LOP
3118 57 44 4 255
L_MST
3119 37 237 182 255
L_area_7a-b
3121 236 56 32 255
L_area_7op
3124 75 24 73 255
L_area_7m
3126 104 121 135 255
L_area_31
3129 211 28 128 255
L_area_23
3130 124 90 45 255
L_area_v23
3134 20 82 35 255
L_area_29
3136 230 225 68 255
L_area_30
3137 126 43 185 255
L_CA_fields
3142 119 119 65 255
L_DG
3145 97 226 208 255
L_Sub-proS
3146 222 6 190 255
L_preS-paraS
3147 203 145 172 255
L_TF-TFO
3149 82 250 237 255
L_TH
3152 149 143 212 255
L_caudal_ERh
3155 17 164 162 255
L_mid_ERh
3158 36 205 3 255
L_rostral_ERh
3159 174 102 228 255
L_area_35
3161 68 245 94 255
L_area_36
3162 16 15 179 255
L_TGa
3166 122 155 172 255
L_TGd
3168 80 17 234 255
L_TGg
3171 178 139 16 255
L_TEO
3176 239 220 240 255
L_post_TE
3179 100 60 172 255
L_ant_TE
3182 91 101 70 255
L_TE_in_STSv
3185 68 169 181 255
L_ant_STSf
3189 165 46 250 255
L_FST
3192 239 168 174 255
L_TPO
3196 132 52 20 255
L_TAa
3197 109 231 7 255
L_STGr
3198 223 25 148 255
L_Tpt
3200 204 132 126 255
L_parabelt
3201 184 26 153 255
L_CL-ML
3207 20 62 67 255
L_AL-RTL
3210 143 146 232 255
L_CM
3214 89 193 39 255
L_RM-RTM
3215 255 96 179 255
L_RTp
3218 56 63 161 255
L_R-RT
3220 140 76 162 255
L_AI
3223 21 214 30 255
L_Pi
3226 160 234 51 255
L_Ins
3227 45 43 59 255
L_Ri
3230 118 58 25 255
L_MT
3232 195 150 224 255
L_V4d
3235 251 185 203 255
L_V4v
3236 66 221 76 255
L_V3d-V3A
3239 68 86 250 255
L_V3v
3242 185 146 38 255
L_V2
3243 247 44 169 255
L_V1
3246 137 172 90 255
R_area_32
4004 241 133 168 255
R_area_25
4005 203 179 142 255
R_area_24a-b
4007 168 1 6 255
R_area_24c
4010 67 207 84 255
R_area_24a-b_prime
4012 111 149 146 255
R_area_24c_prime
4015 215 21 165 255
R_area_10
4018 211 26 80 255
R_area_14
4022 227 82 176 255
R_area_11
4027 35 6 148 255
R_area_13
4030 195 132 192 255
R_area_12m-o
4034 133 100 194 255
R_Iam-Iapm
4039 19 134 14 255
R_lat_Ia
4040 101 102 71 255
R_OLF
4044 8 83 117 255
R_G
4048 43 71 90 255
R_PrCO
4049 132 133 135 255
R_area_8A
4051 7 199 95 255
R_area_8B
4055 46 153 242 255
R_area_9
4060 208 12 152 255
R_area_46d
4063 4 35 37 255
R_area_46v-f
4066 177 163 112 255
R_area_12r-l
4069 252 173 217 255
R_area_45
4073 48 164 38 255
R_area_44
4076 18 200 58 255
R_M1
4079 136 3 78 255
R_PMd
4081 25 184 51 255
R_PMv
4084 21 61 1 255
R_preSMA
4088 84 184 90 255
R_SMA
4089 68 71 139 255
R_area_3a-b
4093 129 21 165 255
R_areas_1-2
4094 57 22 153 255
R_SII
4095 30 253 123 255
R_V6
4098 162 164 245 255
R_V6A
4099 244 62 146 255
R_area_5d
4103 155 128 61 255
R_PEa
4106 194 124 145 255
R_MIP
4108 227 21 255 255
R_fundus_IPS
4109 215 20 255 255
R_AIP
4114 29 255 128 255
R_LIP
4115 186 253 107 255
R_LOP
4118 158 20 74 255
R_MST
4119 141 221 170 255
R_area_7a-b
4121 126 250 76 255
R_area_7op
4124 14 69 139 255
R_area_7m
4126 221 66 68 255
R_area_31
4129 125 195 130 255
R_area_23
4130 20 212 201 255
R_area_v23
4134 24 213 115 255
R_area_29
4136 74 131 175 255
R_area_30
4137 197 196 198 255
R_CA_fields
4142 64 217 213 255
R_DG
4145 140 227 226 255
R_Sub-proS
4146 205 252 103 255
R_preS-paraS
4147 238 10 53 255
R_TF-TFO
4149 64 128 133 255
R_TH
4152 71 41 84 255
R_caudal_ERh
4155 42 205 93 255
R_mid_ERh
4158 159 138 137 255
R_rostral_ERh
4159 155 245 2 255
R_area_35
4161 165 215 85 255
R_area_36
4162 17 91 206 255
R_TGa
4166 150 238 23 255
R_TGd
4168 245 143 143 255
R_TGg
4171 30 227 199 255
R_TEO
4176 52 189 230 255
R_post_TE
4179 202 115 180 255
R_ant_TE
4182 88 13 159 255
R_TE_in_STSv
4185 13 126 100 255
R_ant_STSf
4189 163 128 86 255
R_FST
4192 174 223 178 255
R_TPO
4196 155 50 105 255
R_TAa
4197 5 35 144 255
R_STGr
4198 129 231 145 255
R_Tpt
4200 129 246 246 255
R_parabelt
4201 94 211 183 255
R_CL-ML
4207 182 241 77 255
R_AL-RTL
4210 15 203 53 255
R_CM
4214 123 39 234 255
R_RM-RTM
4215 227 220 108 255
R_RTp
4218 36 253 227 255
R_R-RT
4220 237 109 163 255
R_AI
4223 220 243 178 255
R_Pi
4226 41 85 24 255
R_Ins
4227 224 39 94 255
R_Ri
4230 174 218 172 255
R_MT
4232 12 8 39 255
R_V4d
4235 145 186 61 255
R_V4v
4236 153 100 10 255
R_V3d-V3A
4239 109 133 137 255
R_V3v
4242 122 86 226 255
R_V2
4243 214 30 25 255
R_V1
4246 110 186 230 255
