R_1
1 255 119 122 255
R_2
2 160 0 68 255
R_3
3 68 196 197 255
R_5
4 53 77 130 255
R_9
5 255 184 0 255
R_10
6 255 0 0 255
R_11
7 0 161 0 255
R_12
8 125 0 255 255
R_13
9 61 61 64 255
R_14
10 95 0 128 255
R_23
11 0 69 0 255
R_25
12 0 124 0 255
R_31
13 0 0 86 255
R_32
14 0 121 255 255
R_44
15 255 255 174 255
R_24a
16 0 240 121 255
R_24b
17 255 146 83 255
R_24c
18 121 0 16 255
R_24d
19 255 72 47 255
R_29/30
20 187 68 255 255
R_45A
21 200 0 200 255
R_45B
22 0 124 125 255
R_46d
23 255 121 0 255
R_46v
24 255 235 0 255
R_7A
25 149 54 6 255
R_7B
26 97 48 170 255
R_7m
27 136 138 223 255
R_7op
28 0 48 198 255
R_8B
29 102 120 255 255
R_8l
30 163 0 0 255
R_8m
31 112 46 0 255
R_8r
32 237 0 52 255
R_9/46d
33 121 159 0 255
R_9/46v
34 197 255 0 255
R_AIP
35 169 135 0 255
R_CORE
36 255 0 0 255
R_DP
37 150 150 57 255
R_ENTORHINAL
38 130 198 57 255
R_F1
39 95 74 41 255
R_F2
40 255 148 255 255
R_F3
41 149 131 232 255
R_F4
42 5 43 129 255
R_F5
43 184 219 255 255
R_F6
44 23 224 255 255
R_F7
45 255 56 70 255
R_FST
46 123 58 31 255
R_Gu
47 0 48 0 255
R_INSULA
48 146 70 255 255
R_IPa
49 0 154 255 255
R_LB
50 0 65 116 255
R_LIP
51 255 118 0 255
R_MB
52 128 61 84 255
R_MIP
53 52 123 64 255
R_MST
54 146 134 186 255
R_MT
55 255 0 0 255
R_OPAI
56 247 217 148 255
R_OPRO
57 255 222 223 255
R_Parainsula
58 172 223 255 255
R_PBc
59 236 206 55 255
R_PBr
60 196 255 255 255
R_PERIRHINAL
61 126 255 255 255
R_PGa
62 124 168 102 255
R_PIP
63 255 0 150 255
R_PIRIFORM
64 255 255 0 255
R_ProM
65 197 255 200 255
R_Pro.St
66 255 159 77 255
R_SII
67 222 9 6 255
R_STPc
68 181 0 84 255
R_STPi
69 103 0 84 255
R_STPr
70 69 0 160 255
R_SUBICULUM
71 30 130 230 255
R_TEad
72 0 255 248 255
R_TEa/ma
73 98 220 170 255
R_TEa/mp
74 59 189 54 255
R_TEav
75 0 255 104 255
R_TEMPORAL_POLE
76 133 0 121 255
R_TEO
77 255 95 161 255
R_TEOm
78 70 116 173 255
R_TEpd
79 223 162 0 255
R_TEpv
80 173 209 0 255
R_TH/TF
81 255 0 146 255
R_TPt
82 133 195 174 255
R_V1
83 210 58 58 255
R_V2
84 255 255 0 255
R_V3
85 0 255 0 255
R_V3A
86 48 115 48 255
R_V4
87 0 0 255 255
R_V4t
88 174 17 132 255
R_V6
89 167 0 255 255
R_V6A
90 36 189 125 255
R_VIP
91 0 184 0 255
L_1
92 255 119 122 255
L_2
93 160 0 68 255
L_3
94 68 196 197 255
L_5
95 53 77 130 255
L_9
96 255 184 0 255
L_10
97 255 0 0 255
L_11
98 0 161 0 255
L_12
99 125 0 255 255
L_13
100 61 61 64 255
L_14
101 95 0 128 255
L_23
102 0 69 0 255
L_25
103 0 124 0 255
L_31
104 0 0 86 255
L_32
105 0 121 255 255
L_44
106 255 255 174 255
L_24a
107 0 240 121 255
L_24b
108 255 146 83 255
L_24c
109 121 0 16 255
L_24d
110 255 72 47 255
L_29/30
111 187 68 255 255
L_45A
112 200 0 200 255
L_45B
113 0 124 125 255
L_46d
114 255 121 0 255
L_46v
115 255 235 0 255
L_7A
116 149 54 6 255
L_7B
117 97 48 170 255
L_7m
118 136 138 223 255
L_7op
119 0 48 198 255
L_8B
120 102 120 255 255
L_8l
121 163 0 0 255
L_8m
122 112 46 0 255
L_8r
123 237 0 52 255
L_9/46d
124 121 159 0 255
L_9/46v
125 197 255 0 255
L_AIP
126 169 135 0 255
L_CORE
127 255 0 0 255
L_DP
128 150 150 57 255
L_ENTORHINAL
129 130 198 57 255
L_F1
130 95 74 41 255
L_F2
131 255 148 255 255
L_F3
132 149 131 232 255
L_F4
133 5 43 129 255
L_F5
134 184 219 255 255
L_F6
135 23 224 255 255
L_F7
136 255 56 70 255
L_FST
137 123 58 31 255
L_Gu
138 0 48 0 255
L_INSULA
139 146 70 255 255
L_IPa
140 0 154 255 255
L_LB
141 0 65 116 255
L_LIP
142 255 118 0 255
L_MB
143 128 61 84 255
L_MIP
144 52 123 64 255
L_MST
145 146 134 186 255
L_MT
146 255 0 0 255
L_OPAI
147 247 217 148 255
L_OPRO
148 255 222 223 255
L_Parainsula
149 172 223 255 255
L_PBc
150 236 206 55 255
L_PBr
151 196 255 255 255
L_PERIRHINAL
152 123 0 128 255
L_PGa
153 124 168 102 255
L_PIP
154 255 0 150 255
L_PIRIFORM
155 255 255 0 255
L_ProM
156 197 255 200 255
L_Pro.St
157 255 159 77 255
L_SII
158 222 9 6 255
L_STPc
159 181 0 84 255
L_STPi
160 103 0 84 255
L_STPr
161 69 0 160 255
L_SUBICULUM
162 30 130 230 255
L_TEad
163 0 255 248 255
L_TEa/ma
164 98 220 170 255
L_TEa/mp
165 59 189 54 255
L_TEav
166 0 255 104 255
L_TEMPORAL_POLE
167 133 0 121 255
L_TEO
168 255 95 161 255
L_TEOm
169 70 116 173 255
L_TEpd
170 223 162 0 255
L_TEpv
171 173 209 0 255
L_TH/TF
172 255 0 146 255
L_TPt
173 133 195 174 255
L_V1
174 210 58 58 255
L_V2
175 255 255 0 255
L_V3
176 0 255 0 255
L_V3A
177 48 115 48 255
L_V4
178 0 0 255 255
L_V4t
179 174 17 132 255
L_V6
180 167 0 255 255
L_V6A
181 36 189 125 255
L_VIP
182 0 184 0 255
L_Cl
1004 1 149 97 255
L_DEn
1007 113 212 238 255
L_VEn
1008 226 169 73 255
L_Pir
1009 29 134 63 255
L_Hi
1012 1 108 30 255
L_S
1013 239 122 58 255
L_fi
1014 177 203 154 255
L_f
1015 24 221 233 255
L_BM
1019 173 128 161 255
L_VCo
1020 112 164 195 255
L_AHi
1021 89 27 122 255
L_LaD
1024 83 36 95 255
L_LaV
1025 231 249 185 255
L_APir
1026 252 185 25 255
L_BLD
1028 17 196 38 255
L_BLI
1029 98 79 127 255
L_BLV
1030 36 177 126 255
L_PaL
1031 36 136 133 255
L_Ce
1034 159 88 142 255
L_Me
1036 75 134 113 255
L_AA
1037 240 120 71 255
L_EA
1039 228 196 168 255
L_IPAC
1040 27 230 189 255
L_STIA
1041 21 242 124 255
L_CdH
1046 180 91 1 255
L_CdT
1047 147 205 31 255
L_Pu
1048 59 212 147 255
L_ASt
1049 24 236 89 255
L_ic
1050 252 105 16 255
L_Acb
1052 94 168 11 255
L_Tu
1053 19 172 80 255
L_EGP
1056 2 169 99 255
L_IGP
1057 223 20 205 255
L_al
1058 151 193 68 255
L_ac
1059 240 188 83 255
L_VP
1060 170 145 50 255
L_PeB
1063 181 95 143 255
L_B
1064 42 166 23 255
L_ST
1065 235 66 172 255
L_SFi
1067 244 9 134 255
L_SDB
1068 224 159 143 255
L_opt
1070 88 94 47 255
L_PO
1072 140 232 118 255
L_LTer-VOLT
1073 123 51 122 255
L_Pa
1078 253 104 31 255
L_VMH
1080 87 133 141 255
L_MEm
1081 87 129 25 255
L_Arc
1082 111 157 23 255
L_SOpt
1084 253 213 145 255
L_AH
1085 144 152 245 255
L_DM
1086 252 247 201 255
L_LH
1088 232 236 96 255
L_JPLH
1089 6 118 18 255
L_PLH
1090 55 50 151 255
L_STh
1091 34 7 128 255
L_PH
1094 22 50 159 255
L_PeF
1096 142 138 154 255
L_RM
1098 223 173 195 255
L_MM
1099 33 46 189 255
L_APit
1101 23 33 105 255
L_PPit
1102 215 91 33 255
L_ZI-H
1104 151 57 41 255
L_Rt
1106 206 48 177 255
L_A
1110 208 88 185 255
L_cap
1111 125 17 186 255
L_CL-PC
1113 140 164 68 255
L_CMn-PF
1114 65 248 161 255
L_SPFPC
1116 178 197 68 255
L_SG
1117 175 64 187 255
L_Lim
1118 196 178 125 255
L_MD
1119 135 134 232 255
L_IMD
1121 147 221 125 255
L_PT-PV-sm
1122 187 227 166 255
L_PVP
1123 191 128 19 255
L_PVA
1124 183 56 190 255
L_IAM
1125 3 93 64 255
L_CM
1126 117 176 179 255
L_Re-Rh-Xi
1127 78 86 111 255
L_VA
1130 108 98 147 255
L_VLA
1131 218 213 76 255
L_VLX
1133 12 153 19 255
L_VLPV
1134 34 142 36 255
L_VLPD
1135 147 232 67 255
L_VPM-VPL
1137 180 121 61 255
L_VMPo-VMB
1138 71 172 178 255
L_VPI
1139 221 158 204 255
L_VM
1140 195 202 136 255
L_LP
1142 222 35 178 255
L_LD
1143 39 162 245 255
L_APul
1145 164 211 9 255
L_MPul
1146 167 165 53 255
L_LPul
1147 163 198 229 255
L_IPul
1148 141 16 20 255
L_bsc
1149 168 203 139 255
L_DLG
1151 72 249 180 255
L_MG
1152 199 177 24 255
L_Pi
1154 20 189 160 255
L_Hb
1155 129 116 204 255
L_pc
1158 61 248 82 255
L_PrC
1159 13 29 3 255
L_PCom_MCPC
1160 158 210 122 255
L_p1Rt
1161 249 16 127 255
L_SC
1166 203 127 98 255
L_ICo
1168 26 27 250 255
L_Sag-RL
1169 54 81 222 255
L_n4
1171 203 120 8 255
L_PAG
1172 27 183 8 255
L_PBG
1175 111 255 230 255
L_MiTg
1176 107 27 172 255
L_PrCnF
1177 169 157 17 255
L_CnF
1178 107 137 39 255
L_VLTg
1179 220 151 10 255
L_PTg
1180 60 70 77 255
L_ATg
1181 228 59 67 255
L_mRt
1183 198 32 78 255
L_RIs
1184 32 48 214 255
L_OM
1187 48 116 56 255
L_mlf
1188 145 125 119 255
L_MR
1190 252 127 105 255
L_DR
1191 233 109 38 255
L_LiR
1192 238 129 216 255
L_R
1195 145 4 221 255
L_PR-RI
1196 214 147 232 255
L_RF
1198 114 179 197 255
L_SN
1199 70 146 241 255
L_VTA
1200 112 17 176 255
L_IP
1201 159 184 99 255
L_n3
1202 73 94 74 255
L_cp
1203 155 7 146 255
L_LPB
1208 83 170 73 255
L_MPB
1209 8 111 173 255
L_scp
1210 89 144 39 255
L_KF
1211 80 187 249 255
L_LC-Me5
1213 82 127 98 255
L_me5
1214 246 64 70 255
L_CG
1215 84 126 102 255
L_LDTg
1217 49 97 63 255
L_MDTg
1218 5 130 230 255
L_ll
1221 92 205 63 255
L_DLL
1222 197 199 58 255
L_ILL-VLL
1223 208 205 126 255
L_SubC
1226 254 20 161 255
L_RtTg
1227 250 16 51 255
L_xscp
1228 38 146 86 255
L_PnO
1229 196 152 177 255
L_PnC
1230 119 139 139 255
L_SO
1232 50 102 65 255
L_ml
1233 128 135 100 255
L_tz
1234 201 215 165 255
L_Pn
1236 6 150 237 255
L_s5
1238 210 102 85 255
L_tfp
1239 111 131 206 255
L_mcp
1240 224 162 112 255
L_icp
1243 90 131 88 255
L_oc
1244 198 73 124 255
L_Lat
1246 41 13 97 255
L_IntA
1248 161 113 172 255
L_IntP
1249 225 176 128 255
L_Fas
1250 149 163 199 255
L_Fl
1253 44 164 32 255
L_PFl
1254 245 218 47 255
L_Cb1V
1257 143 248 233 255
L_Cb2V
1258 10 41 226 255
L_Cb3V
1259 177 209 220 255
L_Cb4V
1260 53 245 81 255
L_Cb5V
1261 40 119 23 255
L_Cb6V
1263 8 113 76 255
L_Cb7V
1264 24 84 197 255
L_Cb8V
1265 97 138 122 255
L_Cb9V
1266 102 41 41 255
L_Cb10V
1267 26 154 31 255
L_Cb3I
1269 155 39 33 255
L_Cb4I
1270 67 30 153 255
L_Cb5I
1271 130 178 201 255
L_Cb6I
1272 53 106 120 255
L_Cop
1273 149 142 87 255
L_Sim
1274 172 227 132 255
L_PM
1275 88 229 85 255
L_Crus1
1277 183 54 1 255
L_Crus2
1278 98 138 113 255
L_Ve
1283 110 59 180 255
L_DVC
1284 65 225 55 255
L_n8
1285 180 188 210 255
L_Pr
1286 23 182 185 255
L_Nu5
1288 219 44 126 255
L_Pr5
1289 186 186 182 255
L_Sp5O
1291 244 37 28 255
L_Sp5I
1292 129 204 29 255
L_Sp5C
1293 203 102 186 255
L_CuGr
1295 154 186 64 255
L_obex
1296 190 135 1 255
L_Sol
1297 210 39 61 255
L_Nu10-12
1298 73 41 179 255
L_Nu6
1301 110 5 214 255
L_Nu7
1302 247 68 32 255
L_PCIRt
1304 213 19 166 255
L_DPGi
1305 23 32 62 255
L_Gi
1306 95 52 117 255
L_MdRt
1307 98 11 195 255
L_RMg
1309 140 8 143 255
L_ROb
1310 165 101 84 255
L_IO
1313 28 21 109 255
L_LRt
1314 244 20 58 255
L_py
1316 105 195 76 255
L_pyx
1317 53 183 159 255
L_cst
1318 129 108 94 255
R_Cl
2004 11 51 20 255
R_DEn
2007 101 21 169 255
R_VEn
2008 255 186 111 255
R_Pir
2009 85 129 192 255
R_Hi
2012 141 26 192 255
R_S
2013 246 210 153 255
R_fi
2014 72 76 222 255
R_f
2015 225 33 162 255
R_BM
2019 67 53 253 255
R_VCo
2020 78 120 94 255
R_AHi
2021 247 126 67 255
R_LaD
2024 114 138 192 255
R_LaV
2025 146 219 228 255
R_APir
2026 142 111 212 255
R_BLD
2028 171 209 206 255
R_BLI
2029 202 248 153 255
R_BLV
2030 128 156 201 255
R_PaL
2031 32 7 207 255
R_Ce
2034 2 181 18 255
R_Me
2036 128 51 255 255
R_AA
2037 168 202 192 255
R_EA
2039 180 166 221 255
R_IPAC
2040 176 4 181 255
R_STIA
2041 55 140 172 255
R_CdH
2046 60 180 246 255
R_CdT
2047 32 74 29 255
R_Pu
2048 56 162 6 255
R_ASt
2049 189 222 145 255
R_ic
2050 20 174 239 255
R_Acb
2052 188 114 248 255
R_Tu
2053 193 144 186 255
R_EGP
2056 195 169 95 255
R_IGP
2057 33 8 232 255
R_al
2058 242 141 103 255
R_ac
2059 160 30 7 255
R_VP
2060 219 194 225 255
R_PeB
2063 68 175 142 255
R_B
2064 222 152 2 255
R_ST
2065 32 137 252 255
R_SFi
2067 55 123 98 255
R_SDB
2068 168 90 158 255
R_opt
2070 14 114 127 255
R_PO
2072 254 124 207 255
R_LTer-VOLT
2073 96 139 113 255
R_Pa
2078 69 221 83 255
R_VMH
2080 209 70 157 255
R_MEm
2081 154 173 226 255
R_Arc
2082 54 171 210 255
R_SOpt
2084 234 31 34 255
R_AH
2085 181 38 130 255
R_DM
2086 80 108 233 255
R_LH
2088 8 110 38 255
R_JPLH
2089 216 142 169 255
R_PLH
2090 9 63 64 255
R_STh
2091 146 183 72 255
R_PH
2094 30 202 19 255
R_PeF
2096 2 42 183 255
R_RM
2098 239 69 178 255
R_MM
2099 223 60 71 255
R_APit
2101 69 86 253 255
R_PPit
2102 165 24 112 255
R_ZI-H
2104 159 194 177 255
R_Rt
2106 194 183 4 255
R_A
2110 110 34 191 255
R_cap
2111 124 97 205 255
R_CL-PC
2113 140 158 226 255
R_CMn-PF
2114 124 6 23 255
R_SPFPC
2116 185 46 202 255
R_SG
2117 217 137 34 255
R_Lim
2118 65 94 116 255
R_MD
2119 140 126 43 255
R_IMD
2121 222 77 147 255
R_PT-PV-sm
2122 106 55 142 255
R_PVP
2123 206 37 207 255
R_PVA
2124 70 1 239 255
R_IAM
2125 253 7 159 255
R_CM
2126 170 118 232 255
R_Re-Rh-Xi
2127 238 186 104 255
R_VA
2130 63 161 184 255
R_VLA
2131 169 40 101 255
R_VLX
2133 135 158 105 255
R_VLPV
2134 146 78 157 255
R_VLPD
2135 227 150 244 255
R_VPM-VPL
2137 62 130 117 255
R_VMPo-VMB
2138 111 178 177 255
R_VPI
2139 103 50 167 255
R_VM
2140 240 160 166 255
R_LP
2142 192 191 126 255
R_LD
2143 63 152 200 255
R_APul
2145 169 159 62 255
R_MPul
2146 118 239 19 255
R_LPul
2147 152 218 64 255
R_IPul
2148 176 225 56 255
R_bsc
2149 52 198 128 255
R_DLG
2151 63 10 61 255
R_MG
2152 13 162 20 255
R_Pi
2154 150 59 67 255
R_Hb
2155 117 254 11 255
R_pc
2158 83 175 140 255
R_PrC
2159 31 126 176 255
R_PCom_MCPC
2160 107 200 152 255
R_p1Rt
2161 100 25 201 255
R_SC
2166 18 233 203 255
R_ICo
2168 192 81 180 255
R_Sag-RL
2169 125 195 59 255
R_n4
2171 138 244 104 255
R_PAG
2172 1 39 250 255
R_PBG
2175 237 179 192 255
R_MiTg
2176 206 174 104 255
R_PrCnF
2177 183 194 245 255
R_CnF
2178 148 68 173 255
R_VLTg
2179 235 50 111 255
R_PTg
2180 254 157 184 255
R_ATg
2181 59 169 118 255
R_mRt
2183 16 205 53 255
R_RIs
2184 46 16 196 255
R_OM
2187 181 221 53 255
R_mlf
2188 224 71 217 255
R_MR
2190 34 131 151 255
R_DR
2191 235 14 152 255
R_LiR
2192 11 22 161 255
R_R
2195 25 243 129 255
R_PR-RI
2196 46 154 50 255
R_RF
2198 110 16 191 255
R_SN
2199 187 59 203 255
R_VTA
2200 183 109 115 255
R_IP
2201 96 134 220 255
R_n3
2202 226 140 234 255
R_cp
2203 37 5 146 255
R_LPB
2208 11 144 30 255
R_MPB
2209 190 239 212 255
R_scp
2210 56 179 195 255
R_KF
2211 46 2 85 255
R_LC-Me5
2213 190 2 64 255
R_me5
2214 92 76 10 255
R_CG
2215 190 33 10 255
R_LDTg
2217 57 147 179 255
R_MDTg
2218 189 212 63 255
R_ll
2221 41 125 157 255
R_DLL
2222 190 231 11 255
R_ILL-VLL
2223 94 216 146 255
R_SubC
2226 116 108 81 255
R_RtTg
2227 200 38 60 255
R_xscp
2228 199 196 57 255
R_PnO
2229 129 26 254 255
R_PnC
2230 9 165 108 255
R_SO
2232 111 251 220 255
R_ml
2233 248 140 142 255
R_tz
2234 125 144 22 255
R_Pn
2236 133 13 188 255
R_s5
2238 161 70 169 255
R_tfp
2239 220 45 99 255
R_mcp
2240 128 195 157 255
R_icp
2243 39 77 45 255
R_oc
2244 90 104 223 255
R_Lat
2246 39 26 65 255
R_IntA
2248 20 143 109 255
R_IntP
2249 37 218 172 255
R_Fas
2250 76 80 92 255
R_Fl
2253 15 210 122 255
R_PFl
2254 142 211 163 255
R_Cb1V
2257 153 73 237 255
R_Cb2V
2258 37 229 160 255
R_Cb3V
2259 227 250 34 255
R_Cb4V
2260 126 205 163 255
R_Cb5V
2261 7 128 120 255
R_Cb6V
2263 131 177 148 255
R_Cb7V
2264 171 142 214 255
R_Cb8V
2265 112 6 158 255
R_Cb9V
2266 245 18 101 255
R_Cb10V
2267 217 104 252 255
R_Cb3I
2269 69 69 245 255
R_Cb4I
2270 241 33 219 255
R_Cb5I
2271 125 52 177 255
R_Cb6I
2272 130 141 20 255
R_Cop
2273 204 38 73 255
R_Sim
2274 120 34 222 255
R_PM
2275 53 230 211 255
R_Crus1
2277 176 186 49 255
R_Crus2
2278 19 2 11 255
R_Ve
2283 239 70 51 255
R_DVC
2284 229 186 158 255
R_n8
2285 18 165 135 255
R_Pr
2286 247 180 147 255
R_Nu5
2288 124 154 240 255
R_Pr5
2289 123 158 4 255
R_Sp5O
2291 211 159 196 255
R_Sp5I
2292 95 126 3 255
R_Sp5C
2293 227 233 167 255
R_CuGr
2295 25 9 215 255
R_obex
2296 235 225 21 255
R_Sol
2297 65 144 236 255
R_Nu10-12
2298 58 204 73 255
R_Nu6
2301 208 231 12 255
R_Nu7
2302 251 27 58 255
R_PCIRt
2304 251 115 66 255
R_DPGi
2305 240 77 224 255
R_Gi
2306 99 253 107 255
R_MdRt
2307 183 147 92 255
R_RMg
2309 135 5 124 255
R_ROb
2310 25 149 97 255
R_IO
2313 159 116 110 255
R_LRt
2314 38 42 138 255
R_py
2316 206 224 104 255
R_pyx
2317 214 98 151 255
R_cst
2318 237 49 56 255
L_area_32
3004 105 11 224 255
L_area_25
3005 182 46 182 255
L_area_24a
3008 55 51 253 255
L_area_24b
3009 57 196 83 255
L_area_24c
3010 95 230 166 255
L_area_24a_prime
3013 220 124 235 255
L_area_24b_prime
3014 197 196 4 255
L_area_24c_prime
3015 244 186 159 255
L_area_10mr
3019 206 251 234 255
L_area_10mc
3020 118 19 243 255
L_area_10o
3021 223 95 161 255
L_area_14r
3023 90 21 96 255
L_area_14c
3024 252 48 61 255
L_area_11m
3028 38 33 58 255
L_area_11l
3029 219 93 19 255
L_area_13a-b
3031 56 31 12 255
L_area_13m
3032 247 18 66 255
L_area_13l
3033 156 132 71 255
L_area_12m
3035 240 53 90 255
L_area_12o
3036 185 78 126 255
L_Iam-Iapm
3039 251 69 205 255
L_Iai
3041 178 23 170 255
L_Ial
3042 6 238 170 255
L_Iapl
3043 244 139 209 255
L_AON-TTv
3045 253 131 225 255
L_OT-Pir
3046 134 215 151 255
L_G
3048 76 28 146 255
L_PrCO
3049 187 205 94 255
L_area_8Ad
3052 211 252 7 255
L_area_8Av
3053 33 159 108 255
L_area_8Bd
3056 192 213 193 255
L_area_8Bm
3057 185 10 138 255
L_area_8Bs
3058 164 198 143 255
L_area_9d
3061 53 99 100 255
L_area_9m
3062 255 170 200 255
L_area_46d
3063 78 214 142 255
L_area_46f
3067 242 42 46 255
L_area_46v
3068 164 10 58 255
L_area_12l
3070 94 217 122 255
L_area_12r
3071 45 162 206 255
L_area_45a
3074 227 177 20 255
L_area_45b
3075 180 225 191 255
L_area_44
3076 184 200 216 255
L_M1
3079 95 56 174 255
L_PMdc
3082 229 34 46 255
L_PMdr
3083 18 167 130 255
L_F4
3085 96 184 195 255
L_F5
3086 178 198 62 255
L_preSMA
3088 89 138 126 255
L_SMA
3089 156 157 82 255
L_area_3a-b
3093 143 141 174 255
L_areas_1-2
3094 161 62 193 255
L_SII
3095 121 78 180 255
L_V6
3098 1 196 176 255
L_V6Av
3100 44 206 5 255
L_V6Ad
3101 55 16 249 255
L_PEc-PEci
3104 202 145 217 255
L_PE
3105 9 42 131 255
L_PEa
3106 15 161 76 255
L_MIP
3108 184 94 178 255
L_VIP
3110 203 146 145 255
L_PIP
3111 97 5 101 255
L_AIP
3114 178 132 158 255
L_LIPd
3116 247 51 222 255
L_LIPv
3117 82 46 130 255
L_LOP
3118 15 31 129 255
L_MST
3119 71 54 181 255
L_area_7a
3122 127 125 42 255
L_area_7b
3123 224 103 192 255
L_area_7op
3124 121 105 115 255
L_area_7m
3126 106 247 131 255
L_area_31
3129 52 175 216 255
L_area_23a
3131 165 125 73 255
L_area_23b
3132 199 97 187 255
L_area_23c
3133 205 164 104 255
L_area_v23
3134 224 1 154 255
L_area_29
3136 36 241 157 255
L_area_30
3137 179 17 65 255
L_CA1-CA3
3143 105 42 206 255
L_CA4
3144 76 187 251 255
L_DG
3145 85 101 182 255
L_Sub-proS
3146 99 107 89 255
L_preS-paraS
3147 136 77 189 255
L_TFO
3150 132 192 114 255
L_TF
3151 58 46 38 255
L_TH
3152 148 172 9 255
L_EC
3156 101 134 149 255
L_ECL
3157 224 149 253 255
L_mid_ERh
3158 80 205 29 255
L_rostral_ERh
3159 63 201 7 255
L_area_35
3161 250 7 7 255
L_area_36c
3163 158 2 254 255
L_area_36r-p
3164 99 14 176 255
L_TGa
3166 212 98 24 255
L_TGdd
3169 97 78 128 255
L_TGvd
3170 113 187 172 255
L_TGdg
3172 228 59 238 255
L_TGvg
3173 205 194 190 255
L_TGsts
3174 217 3 96 255
L_TEO
3176 181 18 154 255
L_TEpv
3180 218 66 114 255
L_TEpd
3181 179 226 185 255
L_TEav
3183 186 90 102 255
L_TEad
3184 143 18 232 255
L_TEm
3186 90 158 65 255
L_TEa
3187 174 24 96 255
L_IPa
3190 85 248 16 255
L_PGa
3191 45 114 164 255
L_FST
3192 205 136 155 255
L_TPO
3196 166 11 114 255
L_TAa
3197 155 95 239 255
L_STGr
3198 48 79 208 255
L_Tpt
3200 203 170 143 255
L_CPB
3202 56 30 24 255
L_RPB
3203 123 62 67 255
L_CL
3208 107 142 125 255
L_ML
3209 209 248 204 255
L_AL
3211 21 164 219 255
L_RTL
3212 211 110 22 255
L_CM
3214 122 29 241 255
L_RM
3216 183 59 28 255
L_RTM
3217 145 236 6 255
L_RTp
3218 210 230 144 255
L_R
3221 183 251 13 255
L_RT
3222 162 12 36 255
L_AI
3223 37 24 13 255
L_Pi
3226 35 58 16 255
L_Ia-Id
3228 204 46 191 255
L_Ig
3229 221 26 218 255
L_Ri
3230 225 219 233 255
L_MT
3232 6 11 110 255
L_V4d
3235 64 253 15 255
L_V4v
3236 80 237 182 255
L_V3A
3240 74 71 96 255
L_V3d
3241 205 149 212 255
L_V3v
3242 207 62 93 255
L_possibly_V2
3244 54 154 117 255
L_clearly_V2
3245 150 165 232 255
L_V1
3246 65 220 59 255
R_area_32
4004 56 164 74 255
R_area_25
4005 121 253 226 255
R_area_24a
4008 243 2 144 255
R_area_24b
4009 96 68 12 255
R_area_24c
4010 188 26 231 255
R_area_24a_prime
4013 63 120 167 255
R_area_24b_prime
4014 52 164 142 255
R_area_24c_prime
4015 26 165 66 255
R_area_10mr
4019 140 92 40 255
R_area_10mc
4020 240 59 160 255
R_area_10o
4021 58 194 18 255
R_area_14r
4023 1 128 79 255
R_area_14c
4024 122 151 109 255
R_area_11m
4028 136 127 5 255
R_area_11l
4029 117 206 249 255
R_area_13a-b
4031 250 30 32 255
R_area_13m
4032 31 146 177 255
R_area_13l
4033 222 136 210 255
R_area_12m
4035 197 113 209 255
R_area_12o
4036 41 8 243 255
R_Iam-Iapm
4039 146 86 138 255
R_Iai
4041 10 34 126 255
R_Ial
4042 20 147 197 255
R_Iapl
4043 57 245 177 255
R_AON-TTv
4045 189 9 63 255
R_OT-Pir
4046 112 33 65 255
R_G
4048 198 191 77 255
R_PrCO
4049 136 138 221 255
R_area_8Ad
4052 29 113 35 255
R_area_8Av
4053 184 129 94 255
R_area_8Bd
4056 180 243 192 255
R_area_8Bm
4057 53 97 236 255
R_area_8Bs
4058 233 63 76 255
R_area_9d
4061 16 133 207 255
R_area_9m
4062 80 168 235 255
R_area_46d
4063 45 80 201 255
R_area_46f
4067 29 140 136 255
R_area_46v
4068 225 230 125 255
R_area_12l
4070 203 92 203 255
R_area_12r
4071 1 241 159 255
R_area_45a
4074 237 238 123 255
R_area_45b
4075 170 105 55 255
R_area_44
4076 241 126 94 255
R_M1
4079 142 228 239 255
R_PMdc
4082 228 80 81 255
R_PMdr
4083 209 168 201 255
R_F4
4085 165 173 121 255
R_F5
4086 125 201 68 255
R_preSMA
4088 179 167 125 255
R_SMA
4089 56 100 89 255
R_area_3a-b
4093 163 229 163 255
R_areas_1-2
4094 52 6 210 255
R_SII
4095 41 27 236 255
R_V6
4098 182 181 34 255
R_V6Av
4100 32 206 153 255
R_V6Ad
4101 251 237 8 255
R_PEc-PEci
4104 213 161 225 255
R_PE
4105 103 175 199 255
R_PEa
4106 228 44 210 255
R_MIP
4108 171 89 208 255
R_VIP
4110 122 58 119 255
R_PIP
4111 254 83 50 255
R_AIP
4114 103 228 5 255
R_LIPd
4116 214 236 112 255
R_LIPv
4117 171 213 99 255
R_LOP
4118 104 229 9 255
R_MST
4119 29 128 128 255
R_area_7a
4122 63 40 231 255
R_area_7b
4123 89 168 40 255
R_area_7op
4124 138 191 173 255
R_area_7m
4126 157 76 93 255
R_area_31
4129 96 53 117 255
R_area_23a
4131 186 108 98 255
R_area_23b
4132 92 19 88 255
R_area_23c
4133 97 211 112 255
R_area_v23
4134 244 117 3 255
R_area_29
4136 118 39 190 255
R_area_30
4137 6 53 203 255
R_CA1-CA3
4143 56 225 224 255
R_CA4
4144 59 212 130 255
R_DG
4145 28 238 78 255
R_Sub-proS
4146 234 67 14 255
R_preS-paraS
4147 203 109 103 255
R_TFO
4150 39 73 217 255
R_TF
4151 21 187 49 255
R_TH
4152 88 106 126 255
R_EC
4156 93 216 67 255
R_ECL
4157 44 16 2 255
R_mid_ERh
4158 155 92 166 255
R_rostral_ERh
4159 143 75 118 255
R_area_35
4161 225 236 151 255
R_area_36c
4163 255 3 79 255
R_area_36r-p
4164 87 95 5 255
R_TGa
4166 75 172 137 255
R_TGdd
4169 160 142 63 255
R_TGvd
4170 78 126 39 255
R_TGdg
4172 159 63 143 255
R_TGvg
4173 112 219 15 255
R_TGsts
4174 126 159 54 255
R_TEO
4176 154 65 125 255
R_TEpv
4180 175 202 12 255
R_TEpd
4181 97 146 5 255
R_TEav
4183 109 139 57 255
R_TEad
4184 220 120 215 255
R_TEm
4186 30 217 167 255
R_TEa
4187 144 96 189 255
R_IPa
4190 44 27 113 255
R_PGa
4191 219 75 171 255
R_FST
4192 233 38 102 255
R_TPO
4196 210 92 224 255
R_TAa
4197 38 236 125 255
R_STGr
4198 157 235 227 255
R_Tpt
4200 8 151 205 255
R_CPB
4202 133 140 53 255
R_RPB
4203 140 210 86 255
R_CL
4208 231 253 6 255
R_ML
4209 162 107 16 255
R_AL
4211 196 29 61 255
R_RTL
4212 106 40 83 255
R_CM
4214 217 61 251 255
R_RM
4216 4 25 228 255
R_RTM
4217 234 220 82 255
R_RTp
4218 186 251 170 255
R_R
4221 60 225 62 255
R_RT
4222 249 137 44 255
R_AI
4223 168 131 21 255
R_Pi
4226 67 91 199 255
R_Ia-Id
4228 213 173 149 255
R_Ig
4229 52 18 31 255
R_Ri
4230 69 64 53 255
R_MT
4232 55 198 85 255
R_V4d
4235 4 88 22 255
R_V4v
4236 48 100 215 255
R_V3A
4240 246 235 105 255
R_V3d
4241 76 3 75 255
R_V3v
4242 212 114 109 255
R_possibly_V2
4244 221 85 37 255
R_clearly_V2
4245 155 208 79 255
R_V1
4246 225 178 174 255
