R_1
1 255 119 122 255
R_2
2 160 0 68 255
R_3
3 68 196 197 255
R_5
4 53 77 130 255
R_9
5 255 184 0 255
R_10
6 255 0 0 255
R_11
7 0 161 0 255
R_12
8 125 0 255 255
R_13
9 61 61 64 255
R_14
10 95 0 128 255
R_23
11 0 69 0 255
R_25
12 0 124 0 255
R_31
13 0 0 86 255
R_32
14 0 121 255 255
R_44
15 255 255 174 255
R_24a
16 0 240 121 255
R_24b
17 255 146 83 255
R_24c
18 121 0 16 255
R_24d
19 255 72 47 255
R_29/30
20 187 68 255 255
R_45A
21 200 0 200 255
R_45B
22 0 124 125 255
R_46d
23 255 121 0 255
R_46v
24 255 235 0 255
R_7A
25 149 54 6 255
R_7B
26 97 48 170 255
R_7m
27 136 138 223 255
R_7op
28 0 48 198 255
R_8B
29 102 120 255 255
R_8l
30 163 0 0 255
R_8m
31 112 46 0 255
R_8r
32 237 0 52 255
R_9/46d
33 121 159 0 255
R_9/46v
34 197 255 0 255
R_AIP
35 169 135 0 255
R_CORE
36 255 0 0 255
R_DP
37 150 150 57 255
R_ENTORHINAL
38 130 198 57 255
R_F1
39 95 74 41 255
R_F2
40 255 148 255 255
R_F3
41 149 131 232 255
R_F4
42 5 43 129 255
R_F5
43 184 219 255 255
R_F6
44 23 224 255 255
R_F7
45 255 56 70 255
R_FST
46 123 58 31 255
R_Gu
47 0 48 0 255
R_INSULA
48 146 70 255 255
R_IPa
49 0 154 255 255
R_LB
50 0 65 116 255
R_LIP
51 255 118 0 255
R_MB
52 128 61 84 255
R_MIP
53 52 123 64 255
R_MST
54 146 134 186 255
R_MT
55 255 0 0 255
R_OPAI
56 247 217 148 255
R_OPRO
57 255 222 223 255
R_Parainsula
58 172 223 255 255
R_PBc
59 236 206 55 255
R_PBr
60 196 255 255 255
R_PERIRHINAL
61 126 255 255 255
R_PGa
62 124 168 102 255
R_PIP
63 255 0 150 255
R_PIRIFORM
64 255 255 0 255
R_ProM
65 197 255 200 255
R_Pro.St
66 255 159 77 255
R_SII
67 222 9 6 255
R_STPc
68 181 0 84 255
R_STPi
69 103 0 84 255
R_STPr
70 69 0 160 255
R_SUBICULUM
71 30 130 230 255
R_TEad
72 0 255 248 255
R_TEa/ma
73 98 220 170 255
R_TEa/mp
74 59 189 54 255
R_TEav
75 0 255 104 255
R_TEMPORAL_POLE
76 133 0 121 255
R_TEO
77 255 95 161 255
R_TEOm
78 70 116 173 255
R_TEpd
79 223 162 0 255
R_TEpv
80 173 209 0 255
R_TH/TF
81 255 0 146 255
R_TPt
82 133 195 174 255
R_V1
83 210 58 58 255
R_V2
84 255 255 0 255
R_V3
85 0 255 0 255
R_V3A
86 48 115 48 255
R_V4
87 0 0 255 255
R_V4t
88 174 17 132 255
R_V6
89 167 0 255 255
R_V6A
90 36 189 125 255
R_VIP
91 0 184 0 255
L_1
92 255 119 122 255
L_2
93 160 0 68 255
L_3
94 68 196 197 255
L_5
95 53 77 130 255
L_9
96 255 184 0 255
L_10
97 255 0 0 255
L_11
98 0 161 0 255
L_12
99 125 0 255 255
L_13
100 61 61 64 255
L_14
101 95 0 128 255
L_23
102 0 69 0 255
L_25
103 0 124 0 255
L_31
104 0 0 86 255
L_32
105 0 121 255 255
L_44
106 255 255 174 255
L_24a
107 0 240 121 255
L_24b
108 255 146 83 255
L_24c
109 121 0 16 255
L_24d
110 255 72 47 255
L_29/30
111 187 68 255 255
L_45A
112 200 0 200 255
L_45B
113 0 124 125 255
L_46d
114 255 121 0 255
L_46v
115 255 235 0 255
L_7A
116 149 54 6 255
L_7B
117 97 48 170 255
L_7m
118 136 138 223 255
L_7op
119 0 48 198 255
L_8B
120 102 120 255 255
L_8l
121 163 0 0 255
L_8m
122 112 46 0 255
L_8r
123 237 0 52 255
L_9/46d
124 121 159 0 255
L_9/46v
125 197 255 0 255
L_AIP
126 169 135 0 255
L_CORE
127 255 0 0 255
L_DP
128 150 150 57 255
L_ENTORHINAL
129 130 198 57 255
L_F1
130 95 74 41 255
L_F2
131 255 148 255 255
L_F3
132 149 131 232 255
L_F4
133 5 43 129 255
L_F5
134 184 219 255 255
L_F6
135 23 224 255 255
L_F7
136 255 56 70 255
L_FST
137 123 58 31 255
L_Gu
138 0 48 0 255
L_INSULA
139 146 70 255 255
L_IPa
140 0 154 255 255
L_LB
141 0 65 116 255
L_LIP
142 255 118 0 255
L_MB
143 128 61 84 255
L_MIP
144 52 123 64 255
L_MST
145 146 134 186 255
L_MT
146 255 0 0 255
L_OPAI
147 247 217 148 255
L_OPRO
148 255 222 223 255
L_Parainsula
149 172 223 255 255
L_PBc
150 236 206 55 255
L_PBr
151 196 255 255 255
L_PERIRHINAL
152 123 0 128 255
L_PGa
153 124 168 102 255
L_PIP
154 255 0 150 255
L_PIRIFORM
155 255 255 0 255
L_ProM
156 197 255 200 255
L_Pro.St
157 255 159 77 255
L_SII
158 222 9 6 255
L_STPc
159 181 0 84 255
L_STPi
160 103 0 84 255
L_STPr
161 69 0 160 255
L_SUBICULUM
162 30 130 230 255
L_TEad
163 0 255 248 255
L_TEa/ma
164 98 220 170 255
L_TEa/mp
165 59 189 54 255
L_TEav
166 0 255 104 255
L_TEMPORAL_POLE
167 133 0 121 255
L_TEO
168 255 95 161 255
L_TEOm
169 70 116 173 255
L_TEpd
170 223 162 0 255
L_TEpv
171 173 209 0 255
L_TH/TF
172 255 0 146 255
L_TPt
173 133 195 174 255
L_V1
174 210 58 58 255
L_V2
175 255 255 0 255
L_V3
176 0 255 0 255
L_V3A
177 48 115 48 255
L_V4
178 0 0 255 255
L_V4t
179 174 17 132 255
L_V6
180 167 0 255 255
L_V6A
181 36 189 125 255
L_VIP
182 0 184 0 255
L_Cl
1004 98 78 133 255
L_En
1006 57 89 149 255
L_Pir
1009 41 212 90 255
L_HF
1011 40 240 238 255
L_f
1015 32 173 22 255
L_vpAmy
1018 120 128 235 255
L_lpAmy
1022 112 66 238 255
L_stAmy
1033 111 129 73 255
L_mAmy
1035 191 109 88 255
L_pdAmy
1038 153 216 182 255
L_DStr
1044 10 14 206 255
L_VStr
1051 191 193 254 255
L_Pd
1054 215 160 16 255
L_BR
1062 190 95 140 255
L_ST
1065 103 59 9 255
L_SDBR
1066 237 228 188 255
L_opt
1070 79 5 157 255
L_POR
1071 55 82 119 255
L_MTHy
1077 99 10 99 255
L_VTHy
1079 104 117 2 255
L_DTHy
1083 121 75 38 255
L_DPHy
1093 251 83 121 255
L_VPHy
1095 238 63 195 255
L_Pit
1100 124 19 17 255
L_ZI-H
1104 197 112 92 255
L_Rt
1106 29 150 75 255
L_A_
1108 80 217 190 255
L_ILThal
1112 19 33 21 255
L_MD
1119 11 237 193 255
L_MLThal
1120 245 11 96 255
L_PNThal
1129 171 86 116 255
L_CbThal
1132 203 184 198 255
L_SpThal
1136 99 188 153 255
L_LP
1142 31 229 126 255
L_LD
1143 208 169 94 255
L_Pul
1144 107 75 198 255
L_DLG
1151 202 251 198 255
L_MG
1152 2 132 85 255
L_Pi
1154 55 149 78 255
L_Hb
1155 40 8 162 255
L_PrT
1156 107 195 206 255
L_Co
1165 134 26 78 255
L_PAGR
1170 94 9 215 255
L_TgMid
1174 140 78 10 255
L_RtMid
1182 48 168 246 255
L_OC_
1186 97 38 130 255
L_raphe_Mid
1189 95 231 45 255
L_R_
1194 198 83 131 255
L_DA_Mid
1197 228 153 26 255
L_PBC
1207 84 187 215 255
L_LGR
1212 17 199 73 255
L_tgPons
1216 27 113 29 255
L_ll_
1220 67 231 211 255
L_retPons
1225 244 65 148 255
L_SO-ml
1231 11 239 226 255
L_Pn_
1235 244 56 96 255
L_wmCB
1242 139 9 155 255
L_DCb
1245 74 84 166 255
L_Fl-PFl
1252 113 203 104 255
L_VCbCx
1255 28 108 159 255
L_ICbCx
1268 225 221 243 255
L_LCbCx
1276 98 74 82 255
L_VCC
1282 171 239 112 255
L_C5
1287 26 5 107 255
L_SVC
1294 108 208 239 255
L_MedMC
1300 105 227 196 255
L_MedRet
1303 5 176 133 255
L_MedRaphe
1308 110 14 16 255
L_PreCbMed
1312 41 105 28 255
L_vmt
1315 37 19 198 255
R_Cl
2004 178 78 7 255
R_En
2006 55 113 77 255
R_Pir
2009 89 82 167 255
R_HF
2011 128 204 215 255
R_f
2015 11 117 3 255
R_vpAmy
2018 164 51 229 255
R_lpAmy
2022 186 254 86 255
R_stAmy
2033 52 123 153 255
R_mAmy
2035 3 118 14 255
R_pdAmy
2038 96 40 176 255
R_DStr
2044 39 246 161 255
R_VStr
2051 109 157 238 255
R_Pd
2054 46 97 185 255
R_BR
2062 199 46 185 255
R_ST
2065 226 35 108 255
R_SDBR
2066 98 4 62 255
R_opt
2070 14 154 37 255
R_POR
2071 255 193 157 255
R_MTHy
2077 89 81 13 255
R_VTHy
2079 221 140 186 255
R_DTHy
2083 227 182 82 255
R_DPHy
2093 238 216 196 255
R_VPHy
2095 143 129 24 255
R_Pit
2100 78 158 127 255
R_ZI-H
2104 102 89 155 255
R_Rt
2106 91 27 74 255
R_A_
2108 129 66 255 255
R_ILThal
2112 34 48 90 255
R_MD
2119 96 32 120 255
R_MLThal
2120 90 98 91 255
R_PNThal
2129 237 101 164 255
R_CbThal
2132 141 230 184 255
R_SpThal
2136 209 149 248 255
R_LP
2142 179 150 99 255
R_LD
2143 172 205 79 255
R_Pul
2144 98 184 115 255
R_DLG
2151 46 192 216 255
R_MG
2152 98 150 46 255
R_Pi
2154 112 22 79 255
R_Hb
2155 24 193 36 255
R_PrT
2156 158 90 73 255
R_Co
2165 206 99 37 255
R_PAGR
2170 184 99 115 255
R_TgMid
2174 247 30 236 255
R_RtMid
2182 150 127 167 255
R_OC_
2186 67 78 177 255
R_raphe_Mid
2189 88 48 30 255
R_R_
2194 49 166 149 255
R_DA_Mid
2197 74 52 243 255
R_PBC
2207 71 143 33 255
R_LGR
2212 161 196 164 255
R_tgPons
2216 15 38 244 255
R_ll_
2220 59 62 218 255
R_retPons
2225 221 211 92 255
R_SO-ml
2231 113 176 72 255
R_Pn_
2235 134 181 145 255
R_wmCB
2242 112 88 246 255
R_DCb
2245 37 143 172 255
R_Fl-PFl
2252 26 191 15 255
R_VCbCx
2255 179 68 53 255
R_ICbCx
2268 60 125 149 255
R_LCbCx
2276 63 252 2 255
R_VCC
2282 112 174 10 255
R_C5
2287 133 38 170 255
R_SVC
2294 149 157 95 255
R_MedMC
2300 2 189 86 255
R_MedRet
2303 254 238 156 255
R_MedRaphe
2308 190 185 212 255
R_PreCbMed
2312 51 92 231 255
R_vmt
2315 87 141 199 255
L_area_32
3004 206 91 156 255
L_area_25
3005 225 224 36 255
L_area_24
3006 169 236 90 255
L_MCC
3011 226 156 61 255
L_area_10
3018 10 81 149 255
L_area_14
3022 49 90 229 255
L_areas_11-13
3026 124 24 219 255
L_area_12m-o
3034 195 49 244 255
L_OFa-p
3038 97 210 91 255
L_OLF
3044 215 227 171 255
L_cl_OFC
3047 239 113 13 255
L_area_8A
3051 159 169 85 255
L_area_8B
3055 19 208 238 255
L_rostral_dlPFC
3059 239 175 28 255
L_rostral_vlPFC
3065 90 185 50 255
L_caudal_vlPFC
3072 203 202 154 255
L_M1
3079 17 44 132 255
L_PM
3080 128 148 244 255
L_SMA-preSMA
3087 21 232 109 255
L_SI
3092 196 193 199 255
L_SII
3095 180 29 248 255
L_V6
3098 235 214 193 255
L_V6A
3099 182 18 181 255
L_area_5
3102 96 147 174 255
L_vm_IPS
3107 77 225 5 255
L_lat_IPS
3113 204 136 49 255
L_MST
3119 125 28 118 255
L_area_7_in_IPL
3120 235 200 18 255
L_area_7m
3126 149 120 217 255
L_PCC
3128 226 40 200 255
L_RSC
3135 203 84 92 255
L_HiF
3141 127 163 58 255
L_preS-paraS
3147 255 235 90 255
L_paraHipp
3148 40 72 172 255
L_ERh
3154 85 99 206 255
L_PRh
3160 53 25 35 255
L_TGa
3166 185 192 186 255
L_TGg-TGd
3167 196 1 14 255
L_TEO
3176 162 138 215 255
L_gyral_TE
3178 229 160 111 255
L_TE_in_STSv
3185 86 178 114 255
L_STSf
3188 174 77 134 255
L_STSd
3195 25 191 218 255
L_STGr
3198 32 31 65 255
L_STGc
3199 85 66 66 255
L_lat_belt
3206 143 103 129 255
L_med_belt
3213 91 102 222 255
L_RTp
3218 226 215 113 255
L_core
3219 62 13 188 255
L_Ins-Pi
3225 93 186 8 255
L_Ri
3230 91 130 133 255
L_MT
3232 208 26 66 255
L_V4
3234 188 24 206 255
L_V3
3238 231 55 142 255
L_V2
3243 34 136 134 255
L_V1
3246 40 145 165 255
R_area_32
4004 240 107 250 255
R_area_25
4005 241 32 60 255
R_area_24
4006 65 251 212 255
R_MCC
4011 78 194 99 255
R_area_10
4018 43 11 1 255
R_area_14
4022 23 83 135 255
R_areas_11-13
4026 107 143 234 255
R_area_12m-o
4034 106 82 42 255
R_OFa-p
4038 62 69 100 255
R_OLF
4044 85 76 193 255
R_cl_OFC
4047 245 27 83 255
R_area_8A
4051 53 105 252 255
R_area_8B
4055 54 170 8 255
R_rostral_dlPFC
4059 73 220 171 255
R_rostral_vlPFC
4065 66 136 207 255
R_caudal_vlPFC
4072 194 79 79 255
R_M1
4079 84 200 76 255
R_PM
4080 137 197 125 255
R_SMA-preSMA
4087 90 26 209 255
R_SI
4092 227 123 195 255
R_SII
4095 141 64 149 255
R_V6
4098 103 147 5 255
R_V6A
4099 211 38 255 255
R_area_5
4102 221 151 211 255
R_vm_IPS
4107 131 26 139 255
R_lat_IPS
4113 36 65 131 255
R_MST
4119 202 124 82 255
R_area_7_in_IPL
4120 68 42 32 255
R_area_7m
4126 12 17 51 255
R_PCC
4128 55 107 56 255
R_RSC
4135 9 228 228 255
R_HiF
4141 226 44 127 255
R_preS-paraS
4147 47 194 76 255
R_paraHipp
4148 190 149 182 255
R_ERh
4154 49 234 233 255
R_PRh
4160 218 114 177 255
R_TGa
4166 171 180 197 255
R_TGg-TGd
4167 248 12 69 255
R_TEO
4176 103 172 122 255
R_gyral_TE
4178 75 169 18 255
R_TE_in_STSv
4185 180 23 141 255
R_STSf
4188 145 105 33 255
R_STSd
4195 103 97 211 255
R_STGr
4198 126 220 94 255
R_STGc
4199 192 252 46 255
R_lat_belt
4206 99 104 63 255
R_med_belt
4213 13 90 132 255
R_RTp
4218 157 89 251 255
R_core
4219 204 129 244 255
R_Ins-Pi
4225 225 240 187 255
R_Ri
4230 69 88 146 255
R_MT
4232 183 141 158 255
R_V4
4234 93 133 159 255
R_V3
4238 222 48 253 255
R_V2
4243 239 47 124 255
R_V1
4246 57 183 245 255
