R_1
1 255 119 122 255
R_2
2 160 0 68 255
R_3
3 68 196 197 255
R_5
4 53 77 130 255
R_9
5 255 184 0 255
R_10
6 255 0 0 255
R_11
7 0 161 0 255
R_12
8 125 0 255 255
R_13
9 61 61 64 255
R_14
10 95 0 128 255
R_23
11 0 69 0 255
R_25
12 0 124 0 255
R_31
13 0 0 86 255
R_32
14 0 121 255 255
R_44
15 255 255 174 255
R_24a
16 0 240 121 255
R_24b
17 255 146 83 255
R_24c
18 121 0 16 255
R_24d
19 255 72 47 255
R_29/30
20 187 68 255 255
R_45A
21 200 0 200 255
R_45B
22 0 124 125 255
R_46d
23 255 121 0 255
R_46v
24 255 235 0 255
R_7A
25 149 54 6 255
R_7B
26 97 48 170 255
R_7m
27 136 138 223 255
R_7op
28 0 48 198 255
R_8B
29 102 120 255 255
R_8l
30 163 0 0 255
R_8m
31 112 46 0 255
R_8r
32 237 0 52 255
R_9/46d
33 121 159 0 255
R_9/46v
34 197 255 0 255
R_AIP
35 169 135 0 255
R_CORE
36 255 0 0 255
R_DP
37 150 150 57 255
R_ENTORHINAL
38 130 198 57 255
R_F1
39 95 74 41 255
R_F2
40 255 148 255 255
R_F3
41 149 131 232 255
R_F4
42 5 43 129 255
R_F5
43 184 219 255 255
R_F6
44 23 224 255 255
R_F7
45 255 56 70 255
R_FST
46 123 58 31 255
R_Gu
47 0 48 0 255
R_INSULA
48 146 70 255 255
R_IPa
49 0 154 255 255
R_LB
50 0 65 116 255
R_LIP
51 255 118 0 255
R_MB
52 128 61 84 255
R_MIP
53 52 123 64 255
R_MST
54 146 134 186 255
R_MT
55 255 0 0 255
R_OPAI
56 247 217 148 255
R_OPRO
57 255 222 223 255
R_Parainsula
58 172 223 255 255
R_PBc
59 236 206 55 255
R_PBr
60 196 255 255 255
R_PERIRHINAL
61 126 255 255 255
R_PGa
62 124 168 102 255
R_PIP
63 255 0 150 255
R_PIRIFORM
64 255 255 0 255
R_ProM
65 197 255 200 255
R_Pro.St
66 255 159 77 255
R_SII
67 222 9 6 255
R_STPc
68 181 0 84 255
R_STPi
69 103 0 84 255
R_STPr
70 69 0 160 255
R_SUBICULUM
71 30 130 230 255
R_TEad
72 0 255 248 255
R_TEa/ma
73 98 220 170 255
R_TEa/mp
74 59 189 54 255
R_TEav
75 0 255 104 255
R_TEMPORAL_POLE
76 133 0 121 255
R_TEO
77 255 95 161 255
R_TEOm
78 70 116 173 255
R_TEpd
79 223 162 0 255
R_TEpv
80 173 209 0 255
R_TH/TF
81 255 0 146 255
R_TPt
82 133 195 174 255
R_V1
83 210 58 58 255
R_V2
84 255 255 0 255
R_V3
85 0 255 0 255
R_V3A
86 48 115 48 255
R_V4
87 0 0 255 255
R_V4t
88 174 17 132 255
R_V6
89 167 0 255 255
R_V6A
90 36 189 125 255
R_VIP
91 0 184 0 255
L_1
92 255 119 122 255
L_2
93 160 0 68 255
L_3
94 68 196 197 255
L_5
95 53 77 130 255
L_9
96 255 184 0 255
L_10
97 255 0 0 255
L_11
98 0 161 0 255
L_12
99 125 0 255 255
L_13
100 61 61 64 255
L_14
101 95 0 128 255
L_23
102 0 69 0 255
L_25
103 0 124 0 255
L_31
104 0 0 86 255
L_32
105 0 121 255 255
L_44
106 255 255 174 255
L_24a
107 0 240 121 255
L_24b
108 255 146 83 255
L_24c
109 121 0 16 255
L_24d
110 255 72 47 255
L_29/30
111 187 68 255 255
L_45A
112 200 0 200 255
L_45B
113 0 124 125 255
L_46d
114 255 121 0 255
L_46v
115 255 235 0 255
L_7A
116 149 54 6 255
L_7B
117 97 48 170 255
L_7m
118 136 138 223 255
L_7op
119 0 48 198 255
L_8B
120 102 120 255 255
L_8l
121 163 0 0 255
L_8m
122 112 46 0 255
L_8r
123 237 0 52 255
L_9/46d
124 121 159 0 255
L_9/46v
125 197 255 0 255
L_AIP
126 169 135 0 255
L_CORE
127 255 0 0 255
L_DP
128 150 150 57 255
L_ENTORHINAL
129 130 198 57 255
L_F1
130 95 74 41 255
L_F2
131 255 148 255 255
L_F3
132 149 131 232 255
L_F4
133 5 43 129 255
L_F5
134 184 219 255 255
L_F6
135 23 224 255 255
L_F7
136 255 56 70 255
L_FST
137 123 58 31 255
L_Gu
138 0 48 0 255
L_INSULA
139 146 70 255 255
L_IPa
140 0 154 255 255
L_LB
141 0 65 116 255
L_LIP
142 255 118 0 255
L_MB
143 128 61 84 255
L_MIP
144 52 123 64 255
L_MST
145 146 134 186 255
L_MT
146 255 0 0 255
L_OPAI
147 247 217 148 255
L_OPRO
148 255 222 223 255
L_Parainsula
149 172 223 255 255
L_PBc
150 236 206 55 255
L_PBr
151 196 255 255 255
L_PERIRHINAL
152 123 0 128 255
L_PGa
153 124 168 102 255
L_PIP
154 255 0 150 255
L_PIRIFORM
155 255 255 0 255
L_ProM
156 197 255 200 255
L_Pro.St
157 255 159 77 255
L_SII
158 222 9 6 255
L_STPc
159 181 0 84 255
L_STPi
160 103 0 84 255
L_STPr
161 69 0 160 255
L_SUBICULUM
162 30 130 230 255
L_TEad
163 0 255 248 255
L_TEa/ma
164 98 220 170 255
L_TEa/mp
165 59 189 54 255
L_TEav
166 0 255 104 255
L_TEMPORAL_POLE
167 133 0 121 255
L_TEO
168 255 95 161 255
L_TEOm
169 70 116 173 255
L_TEpd
170 223 162 0 255
L_TEpv
171 173 209 0 255
L_TH/TF
172 255 0 146 255
L_TPt
173 133 195 174 255
L_V1
174 210 58 58 255
L_V2
175 255 255 0 255
L_V3
176 0 255 0 255
L_V3A
177 48 115 48 255
L_V4
178 0 0 255 255
L_V4t
179 174 17 132 255
L_V6
180 167 0 255 255
L_V6A
181 36 189 125 255
L_VIP
182 0 184 0 255
L_LVPal
1002 104 226 139 255
L_MPal
1010 39 103 163 255
L_Amy
1016 3 56 224 255
L_BG
1042 5 51 56 255
L_DSP
1061 223 34 67 255
L_POC
1069 17 94 238 255
L_Hy
1075 221 61 52 255
L_PreThal
1103 150 173 85 255
L_Thal
1105 220 169 144 255
L_EpiThal
1153 112 29 21 255
L_PrT
1156 211 119 171 255
L_Mid
1163 45 222 140 255
L_Pons
1205 78 145 7 255
L_Cb
1241 172 126 110 255
L_Med
1280 52 250 23 255
R_LVPal
2002 25 149 47 255
R_MPal
2010 200 43 87 255
R_Amy
2016 74 82 7 255
R_BG
2042 155 218 77 255
R_DSP
2061 242 174 252 255
R_POC
2069 213 212 104 255
R_Hy
2075 207 73 245 255
R_PreThal
2103 195 164 163 255
R_Thal
2105 144 23 242 255
R_EpiThal
2153 141 207 133 255
R_PrT
2156 99 238 99 255
R_Mid
2163 130 85 106 255
R_Pons
2205 157 163 106 255
R_Cb
2241 136 215 158 255
R_Med
2280 172 103 37 255
L_ACgG
3002 31 133 199 255
L_OFC
3016 191 73 70 255
L_lat_PFC
3050 89 144 15 255
L_motor
3077 114 113 81 255
L_SI-SII
3091 229 85 203 255
L_SPL
3096 80 240 103 255
L_IPL
3112 18 69 253 255
L_PMC
3125 24 206 16 255
L_MTL
3139 221 155 150 255
L_TG
3165 91 113 69 255
L_ITC
3175 75 125 87 255
L_STG-STSd
3193 215 122 143 255
L_core-belt
3204 134 194 32 255
L_floor_of_ls
3224 61 214 124 255
L_MT
3232 103 187 82 255
L_V2-V4
3233 176 48 84 255
L_V1
3246 10 148 108 255
R_ACgG
4002 82 190 8 255
R_OFC
4016 77 18 143 255
R_lat_PFC
4050 42 225 62 255
R_motor
4077 147 202 189 255
R_SI-SII
4091 79 4 32 255
R_SPL
4096 32 68 215 255
R_IPL
4112 170 181 111 255
R_PMC
4125 99 229 34 255
R_MTL
4139 241 30 53 255
R_TG
4165 56 48 199 255
R_ITC
4175 195 3 198 255
R_STG-STSd
4193 135 99 212 255
R_core-belt
4204 47 229 100 255
R_floor_of_ls
4224 237 116 76 255
R_MT
4232 158 49 56 255
R_V2-V4
4233 33 206 179 255
R_V1
4246 69 247 158 255
