L_LVPal
1002 104 226 139 255
L_MPal
1010 39 103 163 255
L_Amy
1016 3 56 224 255
L_BG
1042 5 51 56 255
L_DSP
1061 223 34 67 255
L_POC
1069 17 94 238 255
L_Hy
1075 221 61 52 255
L_PreThal
1103 150 173 85 255
L_Thal
1105 220 169 144 255
L_EpiThal
1153 112 29 21 255
L_PrT
1156 211 119 171 255
L_Mid
1163 45 222 140 255
L_Pons
1205 78 145 7 255
L_Cb
1241 172 126 110 255
L_Med
1280 52 250 23 255
R_LVPal
2002 25 149 47 255
R_MPal
2010 200 43 87 255
R_Amy
2016 74 82 7 255
R_BG
2042 155 218 77 255
R_DSP
2061 242 174 252 255
R_POC
2069 213 212 104 255
R_Hy
2075 207 73 245 255
R_PreThal
2103 195 164 163 255
R_Thal
2105 144 23 242 255
R_EpiThal
2153 141 207 133 255
R_PrT
2156 99 238 99 255
R_Mid
2163 130 85 106 255
R_Pons
2205 157 163 106 255
R_Cb
2241 136 215 158 255
R_Med
2280 172 103 37 255
L_ACgG
3002 31 133 199 255
L_OFC
3016 191 73 70 255
L_lat_PFC
3050 89 144 15 255
L_motor
3077 114 113 81 255
L_SI-SII
3091 229 85 203 255
L_SPL
3096 80 240 103 255
L_IPL
3112 18 69 253 255
L_PMC
3125 24 206 16 255
L_MTL
3139 221 155 150 255
L_TG
3165 91 113 69 255
L_ITC
3175 75 125 87 255
L_STG-STSd
3193 215 122 143 255
L_core-belt
3204 134 194 32 255
L_floor_of_ls
3224 61 214 124 255
L_MT
3232 103 187 82 255
L_V2-V4
3233 176 48 84 255
L_V1
3246 10 148 108 255
R_ACgG
4002 82 190 8 255
R_OFC
4016 77 18 143 255
R_lat_PFC
4050 42 225 62 255
R_motor
4077 147 202 189 255
R_SI-SII
4091 79 4 32 255
R_SPL
4096 32 68 215 255
R_IPL
4112 170 181 111 255
R_PMC
4125 99 229 34 255
R_MTL
4139 241 30 53 255
R_TG
4165 56 48 199 255
R_ITC
4175 195 3 198 255
R_STG-STSd
4193 135 99 212 255
R_core-belt
4204 47 229 100 255
R_floor_of_ls
4224 237 116 76 255
R_MT
4232 158 49 56 255
R_V2-V4
4233 33 206 179 255
R_V1
4246 69 247 158 255
