L_LPal
1003 101 230 156 255
L_VPal
1005 42 128 177 255
L_HF
1011 194 69 66 255
L_f
1015 185 4 113 255
L_pAmy
1017 35 58 212 255
L_spAmy
1032 144 8 150 255
L_Str
1043 41 183 133 255
L_Pd
1054 128 129 170 255
L_DSP
1061 60 114 116 255
L_POC
1069 212 7 241 255
L_THy
1076 40 138 36 255
L_PHy
1092 67 65 114 255
L_Pit
1100 71 103 171 255
L_ZI-H
1104 125 74 106 255
L_Rt
1106 148 108 111 255
L_MThal
1107 97 83 175 255
L_MLThal
1120 186 98 91 255
L_VThal
1128 5 60 21 255
L_PThal
1141 223 228 20 255
L_GThal
1150 60 203 209 255
L_EpiThal
1153 196 182 150 255
L_PrT
1156 49 241 246 255
L_DMid
1164 88 87 216 255
L_LMid
1173 189 225 165 255
L_MMid
1185 229 125 175 255
L_VMid
1193 14 143 232 255
L_DPons
1206 200 171 168 255
L_LPons
1219 108 131 96 255
L_VPons
1224 140 97 144 255
L_wmCB
1242 58 151 15 255
L_DCb
1245 224 85 67 255
L_CbCx
1251 240 244 16 255
L_DMed
1281 241 6 196 255
L_IMed
1299 39 144 68 255
L_VMed
1311 84 44 16 255
