R_Cl
2004 178 78 7 255
R_En
2006 55 113 77 255
R_Pir
2009 89 82 167 255
R_HF
2011 128 204 215 255
R_f
2015 11 117 3 255
R_vpAmy
2018 164 51 229 255
R_lpAmy
2022 186 254 86 255
R_stAmy
2033 52 123 153 255
R_mAmy
2035 3 118 14 255
R_pdAmy
2038 96 40 176 255
R_DStr
2044 39 246 161 255
R_VStr
2051 109 157 238 255
R_Pd
2054 46 97 185 255
R_BR
2062 199 46 185 255
R_ST
2065 226 35 108 255
R_SDBR
2066 98 4 62 255
R_opt
2070 14 154 37 255
R_POR
2071 255 193 157 255
R_MTHy
2077 89 81 13 255
R_VTHy
2079 221 140 186 255
R_DTHy
2083 227 182 82 255
R_DPHy
2093 238 216 196 255
R_VPHy
2095 143 129 24 255
R_Pit
2100 78 158 127 255
R_ZI-H
2104 102 89 155 255
R_Rt
2106 91 27 74 255
R_A_
2108 129 66 255 255
R_ILThal
2112 34 48 90 255
R_MD
2119 96 32 120 255
R_MLThal
2120 90 98 91 255
R_PNThal
2129 237 101 164 255
R_CbThal
2132 141 230 184 255
R_SpThal
2136 209 149 248 255
R_LP
2142 179 150 99 255
R_LD
2143 172 205 79 255
R_Pul
2144 98 184 115 255
R_DLG
2151 46 192 216 255
R_MG
2152 98 150 46 255
R_Pi
2154 112 22 79 255
R_Hb
2155 24 193 36 255
R_PrT
2156 158 90 73 255
R_Co
2165 206 99 37 255
R_PAGR
2170 184 99 115 255
R_TgMid
2174 247 30 236 255
R_RtMid
2182 150 127 167 255
R_OC_
2186 67 78 177 255
R_raphe_Mid
2189 88 48 30 255
R_R_
2194 49 166 149 255
R_DA_Mid
2197 74 52 243 255
R_PBC
2207 71 143 33 255
R_LGR
2212 161 196 164 255
R_tgPons
2216 15 38 244 255
R_ll_
2220 59 62 218 255
R_retPons
2225 221 211 92 255
R_SO-ml
2231 113 176 72 255
R_Pn_
2235 134 181 145 255
R_wmCB
2242 112 88 246 255
R_DCb
2245 37 143 172 255
R_Fl-PFl
2252 26 191 15 255
R_VCbCx
2255 179 68 53 255
R_ICbCx
2268 60 125 149 255
R_LCbCx
2276 63 252 2 255
R_VCC
2282 112 174 10 255
R_C5
2287 133 38 170 255
R_SVC
2294 149 157 95 255
R_MedMC
2300 2 189 86 255
R_MedRet
2303 254 238 156 255
R_MedRaphe
2308 190 185 212 255
R_PreCbMed
2312 51 92 231 255
R_vmt
2315 87 141 199 255
