1004
1007
1008
1009
1012
1013
1014
1015
1019
1020
1021
1024
1025
1026
1028
1029
1030
1031
1034
1036
1037
1039
1040
1041
1046
1047
1048
1049
1050
1052
1053
1056
1057
1058
1059
1060
1063
1064
1065
1067
1068
1070
1072
1073
1078
1080
1081
1082
1084
1085
1086
1088
1089
1090
1091
1094
1096
1098
1099
1101
1102
1104
1106
1110
1111
1113
1114
1116
1117
1118
1119
1121
1122
1123
1124
1125
1126
1127
1130
1131
1133
1134
1135
1137
1138
1139
1140
1142
1143
1145
1146
1147
1148
1149
1151
1152
1154
1155
1158
1159
1160
1161
1166
1168
1169
1171
1172
1175
1176
1177
1178
1179
1180
1181
1183
1184
1187
1188
1190
1191
1192
1195
1196
1198
1199
1200
1201
1202
1203
1208
1209
1210
1211
1213
1214
1215
1217
1218
1221
1222
1223
1226
1227
1228
1229
1230
1232
1233
1234
1236
1238
1239
1240
1243
1244
1246
1248
1249
1250
1253
1254
1257
1258
1259
1260
1261
1263
1264
1265
1266
1267
1269
1270
1271
1272
1273
1274
1275
1277
1278
1283
1284
1285
1286
1288
1289
1291
1292
1293
1295
1296
1297
1298
1301
1302
1304
1305
1306
1307
1309
1310
1313
1314
1316
1317
1318
