2004
2007
2008
2009
2012
2013
2014
2015
2019
2020
2021
2023
2026
2027
2031
2034
2036
2037
2039
2040
2041
2045
2048
2049
2050
2052
2053
2055
2059
2060
2062
2065
2067
2068
2070
2072
2073
2078
2080
2081
2082
2084
2085
2086
2087
2091
2094
2096
2097
2101
2102
2104
2106
2109
2113
2114
2115
2117
2118
2119
2121
2122
2123
2124
2125
2126
2127
2130
2131
2133
2134
2135
2137
2138
2139
2140
2142
2143
2145
2146
2147
2148
2149
2151
2152
2154
2155
2157
2161
2166
2167
2171
2172
2175
2176
2177
2178
2179
2180
2181
2183
2184
2187
2188
2190
2191
2192
2194
2198
2199
2200
2201
2202
2203
2207
2213
2214
2215
2217
2218
2221
2222
2223
2226
2227
2228
2229
2230
2232
2233
2234
2236
2237
2243
2244
2246
2247
2250
2252
2256
2262
2268
2276
2283
2284
2285
2286
2288
2289
2290
2295
2296
2297
2298
2301
2302
2304
2305
2306
2307
2309
2310
2313
2314
2316
2317
2318
