R_Cl
2004 92 115 251 255
R_DEn
2007 40 202 115 255
R_VEn
2008 122 252 234 255
R_Pir
2009 154 117 178 255
R_Hi
2012 142 198 94 255
R_S
2013 224 238 64 255
R_fi
2014 15 93 235 255
R_f
2015 224 252 61 255
R_BM
2019 247 170 187 255
R_VCo
2020 207 182 32 255
R_AHi
2021 53 16 107 255
R_La
2023 21 253 86 255
R_APir
2026 30 160 234 255
R_BL
2027 94 225 196 255
R_PaL
2031 43 228 29 255
R_Ce
2034 44 122 179 255
R_Me
2036 195 245 58 255
R_AA
2037 140 60 136 255
R_EA
2039 28 46 15 255
R_IPAC
2040 25 53 235 255
R_STIA
2041 210 42 68 255
R_Cd
2045 65 7 140 255
R_Pu
2048 1 39 178 255
R_ASt
2049 69 1 212 255
R_ic
2050 198 9 21 255
R_Acb
2052 83 252 62 255
R_Tu
2053 11 109 107 255
R_GP
2055 126 41 55 255
R_ac
2059 170 199 232 255
R_VP
2060 120 210 71 255
R_BR
2062 243 156 83 255
R_ST
2065 209 215 140 255
R_SFi
2067 115 78 14 255
R_SDB
2068 113 200 239 255
R_opt
2070 115 54 123 255
R_PO
2072 193 9 243 255
R_LTer-VOLT
2073 208 123 38 255
R_Pa
2078 18 182 30 255
R_VMH
2080 141 167 174 255
R_MEm
2081 128 190 139 255
R_Arc
2082 218 23 41 255
R_SOpt
2084 158 98 54 255
R_AH
2085 37 95 187 255
R_DM
2086 206 117 46 255
R_LHy
2087 35 36 44 255
R_STh
2091 202 237 84 255
R_PH
2094 111 216 124 255
R_PeF
2096 75 46 100 255
R_MM-RM
2097 234 51 42 255
R_APit
2101 132 194 75 255
R_PPit
2102 38 77 238 255
R_ZI-H
2104 187 244 110 255
R_Rt
2106 132 170 214 255
R_AR
2109 145 230 228 255
R_CL-PC
2113 49 12 169 255
R_CMn-PF
2114 98 174 174 255
R_SPFC
2115 106 19 116 255
R_SG
2117 21 14 235 255
R_Lim
2118 155 183 35 255
R_MD
2119 26 34 32 255
R_IMD
2121 241 7 178 255
R_PT-PV-sm
2122 230 19 170 255
R_PVP
2123 244 138 43 255
R_PVA
2124 191 113 123 255
R_IAM
2125 39 10 103 255
R_CM
2126 235 206 141 255
R_Re-Rh-Xi
2127 104 91 169 255
R_VA
2130 35 225 4 255
R_VLA
2131 167 17 108 255
R_VLX
2133 68 3 19 255
R_VLPV
2134 254 132 216 255
R_VLPD
2135 225 223 128 255
R_VPM-VPL
2137 205 136 113 255
R_VMPo-VMB
2138 176 43 105 255
R_VPI
2139 184 97 181 255
R_VM
2140 53 49 48 255
R_LP
2142 76 230 222 255
R_LD
2143 236 216 175 255
R_APul
2145 58 239 66 255
R_MPul
2146 90 140 19 255
R_LPul
2147 133 206 16 255
R_IPul
2148 26 125 205 255
R_bsc
2149 102 203 236 255
R_DLG
2151 168 161 255 255
R_MG
2152 54 237 22 255
R_Pi
2154 222 68 41 255
R_Hb
2155 154 225 8 255
R_PCR
2157 32 221 139 255
R_p1Rt
2161 59 67 218 255
R_SC
2166 208 20 10 255
R_ICoC
2167 122 135 201 255
R_n4
2171 232 142 13 255
R_PAG
2172 243 245 39 255
R_PBG
2175 78 151 110 255
R_MiTg
2176 45 127 24 255
R_PrCnF
2177 108 125 171 255
R_CnF
2178 57 106 73 255
R_VLTg
2179 246 188 77 255
R_PTg
2180 243 103 108 255
R_ATg
2181 80 185 171 255
R_mRt
2183 165 137 18 255
R_RIs
2184 164 193 251 255
R_OM
2187 198 30 94 255
R_mlf
2188 176 206 232 255
R_MR
2190 83 70 33 255
R_DR
2191 12 191 183 255
R_LiR
2192 157 189 61 255
R_R-
2194 154 224 11 255
R_RF
2198 39 43 243 255
R_SN
2199 148 120 169 255
R_VTA
2200 154 17 135 255
R_IP
2201 242 111 74 255
R_n3
2202 114 92 128 255
R_cp
2203 2 22 15 255
R_PBC
2207 57 126 146 255
R_LC-Me5
2213 144 121 211 255
R_me5
2214 164 131 240 255
R_CG
2215 89 115 137 255
R_LDTg
2217 153 241 135 255
R_MDTg
2218 21 188 223 255
R_ll
2221 222 243 197 255
R_DLL
2222 127 194 56 255
R_ILL-VLL
2223 87 156 152 255
R_SubC
2226 154 191 3 255
R_RtTg
2227 106 97 174 255
R_xscp
2228 247 127 11 255
R_PnO
2229 89 5 168 255
R_PnC
2230 133 73 106 255
R_SO
2232 77 179 25 255
R_ml
2233 202 87 61 255
R_tz
2234 81 188 134 255
R_Pn
2236 38 176 250 255
R_spf
2237 46 73 231 255
R_icp
2243 35 201 132 255
R_oc
2244 109 184 176 255
R_Lat
2246 114 127 120 255
R_Int
2247 26 180 144 255
R_Fas
2250 1 197 188 255
R_Fl-PFl
2252 84 128 229 255
R_AVCbCx
2256 190 34 83 255
R_PVCbCx
2262 251 218 128 255
R_ICbCx
2268 56 32 69 255
R_LCbCx
2276 149 193 171 255
R_Ve
2283 108 179 33 255
R_DVC
2284 177 229 157 255
R_n8
2285 193 80 25 255
R_Pr
2286 44 172 211 255
R_Nu5
2288 130 70 98 255
R_Pr5
2289 247 126 85 255
R_Sp5
2290 231 7 66 255
R_CuGr
2295 58 235 36 255
R_obex
2296 32 227 39 255
R_Sol
2297 187 18 255 255
R_Nu10-12
2298 202 185 65 255
R_Nu6
2301 51 9 224 255
R_Nu7
2302 87 92 132 255
R_PCIRt
2304 227 238 151 255
R_DPGi
2305 106 153 185 255
R_Gi
2306 95 55 128 255
R_MdRt
2307 16 152 35 255
R_RMg
2309 58 11 171 255
R_ROb
2310 32 192 229 255
R_IO
2313 152 163 176 255
R_LRt
2314 12 148 199 255
R_py
2316 26 218 82 255
R_pyx
2317 207 81 2 255
R_cst
2318 8 215 40 255
