2004
2007
2008
2009
2012
2013
2014
2015
2019
2020
2021
2024
2025
2026
2028
2029
2030
2031
2034
2036
2037
2039
2040
2041
2046
2047
2048
2049
2050
2052
2053
2056
2057
2058
2059
2060
2063
2064
2065
2067
2068
2070
2072
2073
2078
2080
2081
2082
2084
2085
2086
2088
2089
2090
2091
2094
2096
2098
2099
2101
2102
2104
2106
2110
2111
2113
2114
2116
2117
2118
2119
2121
2122
2123
2124
2125
2126
2127
2130
2131
2133
2134
2135
2137
2138
2139
2140
2142
2143
2145
2146
2147
2148
2149
2151
2152
2154
2155
2158
2159
2160
2161
2166
2168
2169
2171
2172
2175
2176
2177
2178
2179
2180
2181
2183
2184
2187
2188
2190
2191
2192
2195
2196
2198
2199
2200
2201
2202
2203
2208
2209
2210
2211
2213
2214
2215
2217
2218
2221
2222
2223
2226
2227
2228
2229
2230
2232
2233
2234
2236
2238
2239
2240
2243
2244
2246
2248
2249
2250
2253
2254
2257
2258
2259
2260
2261
2263
2264
2265
2266
2267
2269
2270
2271
2272
2273
2274
2275
2277
2278
2283
2284
2285
2286
2288
2289
2291
2292
2293
2295
2296
2297
2298
2301
2302
2304
2305
2306
2307
2309
2310
2313
2314
2316
2317
2318
