R_LPal
2003 163 94 69 255
R_VPal
2005 137 14 236 255
R_HF
2011 229 155 162 255
R_f
2015 128 11 121 255
R_pAmy
2017 15 52 126 255
R_spAmy
2032 195 252 169 255
R_Str
2043 173 55 33 255
R_Pd
2054 111 248 145 255
R_DSP
2061 108 121 160 255
R_POC
2069 81 135 240 255
R_THy
2076 233 184 59 255
R_PHy
2092 60 40 4 255
R_Pit
2100 104 133 204 255
R_ZI-H
2104 244 204 148 255
R_Rt
2106 161 15 109 255
R_MThal
2107 129 211 38 255
R_MLThal
2120 118 51 23 255
R_VThal
2128 155 220 116 255
R_PThal
2141 222 156 167 255
R_GThal
2150 120 63 251 255
R_EpiThal
2153 115 109 61 255
R_PrT
2156 75 56 246 255
R_DMid
2164 47 76 24 255
R_LMid
2173 175 50 179 255
R_MMid
2185 130 153 74 255
R_VMid
2193 169 202 168 255
R_DPons
2206 2 69 141 255
R_LPons
2219 136 51 194 255
R_VPons
2224 89 153 160 255
R_wmCB
2242 188 60 200 255
R_DCb
2245 123 205 188 255
R_CbCx
2251 63 27 225 255
R_DMed
2281 2 52 16 255
R_IMed
2299 45 160 4 255
R_VMed
2311 186 215 246 255
