L_Cl
1004 223 143 162 255
L_DEn
1007 231 200 228 255
L_VEn
1008 1 150 133 255
L_Pir
1009 228 228 160 255
L_Hi
1012 227 12 160 255
L_S
1013 11 85 118 255
L_fi
1014 170 53 135 255
L_f
1015 141 157 51 255
L_BM
1019 49 113 105 255
L_VCo
1020 129 103 14 255
L_AHi
1021 246 176 181 255
L_La
1023 117 232 108 255
L_APir
1026 57 165 22 255
L_BL
1027 248 175 85 255
L_PaL
1031 72 110 54 255
L_Ce
1034 204 204 102 255
L_Me
1036 140 91 104 255
L_AA
1037 21 142 98 255
L_EA
1039 204 9 51 255
L_IPAC
1040 207 32 153 255
L_STIA
1041 1 194 105 255
L_Cd
1045 181 158 159 255
L_Pu
1048 112 47 53 255
L_ASt
1049 103 173 156 255
L_ic
1050 107 234 155 255
L_Acb
1052 113 29 171 255
L_Tu
1053 134 230 212 255
L_GP
1055 38 95 196 255
L_ac
1059 53 66 169 255
L_VP
1060 68 213 114 255
L_BR
1062 199 40 102 255
L_ST
1065 89 162 96 255
L_SFi
1067 29 177 185 255
L_SDB
1068 172 83 239 255
L_opt
1070 8 239 181 255
L_PO
1072 162 67 88 255
L_LTer-VOLT
1073 91 25 36 255
L_Pa
1078 109 1 97 255
L_VMH
1080 201 162 228 255
L_MEm
1081 43 24 132 255
L_Arc
1082 153 20 47 255
L_SOpt
1084 156 63 72 255
L_AH
1085 172 219 194 255
L_DM
1086 200 250 223 255
L_LHy
1087 3 254 15 255
L_STh
1091 77 30 159 255
L_PH
1094 196 214 112 255
L_PeF
1096 83 136 172 255
L_MM-RM
1097 87 22 133 255
L_APit
1101 162 136 242 255
L_PPit
1102 232 216 17 255
L_ZI-H
1104 215 152 37 255
L_Rt
1106 213 9 235 255
L_AR
1109 103 187 138 255
L_CL-PC
1113 40 126 75 255
L_CMn-PF
1114 4 31 187 255
L_SPFC
1115 105 24 128 255
L_SG
1117 202 153 122 255
L_Lim
1118 98 17 98 255
L_MD
1119 74 12 127 255
L_IMD
1121 76 96 174 255
L_PT-PV-sm
1122 120 111 37 255
L_PVP
1123 36 166 199 255
L_PVA
1124 29 254 109 255
L_IAM
1125 173 209 24 255
L_CM
1126 252 96 126 255
L_Re-Rh-Xi
1127 159 125 16 255
L_VA
1130 88 111 169 255
L_VLA
1131 253 186 217 255
L_VLX
1133 227 163 129 255
L_VLPV
1134 176 46 102 255
L_VLPD
1135 216 156 95 255
L_VPM-VPL
1137 47 1 86 255
L_VMPo-VMB
1138 219 157 133 255
L_VPI
1139 235 211 111 255
L_VM
1140 67 204 241 255
L_LP
1142 137 53 197 255
L_LD
1143 121 124 242 255
L_APul
1145 74 240 11 255
L_MPul
1146 146 233 210 255
L_LPul
1147 138 195 71 255
L_IPul
1148 110 139 9 255
L_bsc
1149 195 130 102 255
L_DLG
1151 36 115 83 255
L_MG
1152 90 215 194 255
L_Pi
1154 98 139 151 255
L_Hb
1155 228 55 183 255
L_PCR
1157 155 30 104 255
L_p1Rt
1161 146 129 217 255
L_SC
1166 9 135 175 255
L_ICoC
1167 181 12 1 255
L_n4
1171 129 227 209 255
L_PAG
1172 43 82 104 255
L_PBG
1175 223 151 35 255
L_MiTg
1176 132 66 215 255
L_PrCnF
1177 146 118 162 255
L_CnF
1178 169 121 110 255
L_VLTg
1179 111 179 30 255
L_PTg
1180 65 229 26 255
L_ATg
1181 222 60 80 255
L_mRt
1183 4 65 99 255
L_RIs
1184 173 82 109 255
L_OM
1187 204 246 190 255
L_mlf
1188 22 99 247 255
L_MR
1190 173 190 22 255
L_DR
1191 255 202 102 255
L_LiR
1192 194 117 211 255
L_R-
1194 126 226 81 255
L_RF
1198 223 73 72 255
L_SN
1199 72 147 180 255
L_VTA
1200 181 88 252 255
L_IP
1201 98 165 218 255
L_n3
1202 62 18 225 255
L_cp
1203 112 178 163 255
L_PBC
1207 63 212 186 255
L_LC-Me5
1213 9 31 171 255
L_me5
1214 196 52 73 255
L_CG
1215 151 52 115 255
L_LDTg
1217 102 95 124 255
L_MDTg
1218 96 95 217 255
L_ll
1221 202 208 1 255
L_DLL
1222 60 64 64 255
L_ILL-VLL
1223 97 43 155 255
L_SubC
1226 147 240 40 255
L_RtTg
1227 77 74 62 255
L_xscp
1228 189 167 79 255
L_PnO
1229 170 99 174 255
L_PnC
1230 241 5 98 255
L_SO
1232 255 183 53 255
L_ml
1233 241 172 155 255
L_tz
1234 88 10 75 255
L_Pn
1236 97 201 161 255
L_spf
1237 195 202 143 255
L_icp
1243 213 148 153 255
L_oc
1244 163 106 78 255
L_Lat
1246 122 9 74 255
L_Int
1247 238 240 206 255
L_Fas
1250 6 61 213 255
L_Fl-PFl
1252 141 95 78 255
L_AVCbCx
1256 3 195 215 255
L_PVCbCx
1262 155 188 251 255
L_ICbCx
1268 140 138 14 255
L_LCbCx
1276 248 125 227 255
L_Ve
1283 95 34 220 255
L_DVC
1284 218 25 186 255
L_n8
1285 206 173 97 255
L_Pr
1286 5 134 118 255
L_Nu5
1288 225 125 50 255
L_Pr5
1289 203 229 66 255
L_Sp5
1290 125 27 241 255
L_CuGr
1295 80 128 159 255
L_obex
1296 243 238 6 255
L_Sol
1297 251 240 130 255
L_Nu10-12
1298 67 25 146 255
L_Nu6
1301 50 158 50 255
L_Nu7
1302 198 102 72 255
L_PCIRt
1304 221 212 62 255
L_DPGi
1305 49 50 146 255
L_Gi
1306 139 76 43 255
L_MdRt
1307 229 224 161 255
L_RMg
1309 174 55 188 255
L_ROb
1310 107 99 95 255
L_IO
1313 81 254 226 255
L_LRt
1314 193 122 61 255
L_py
1316 51 72 137 255
L_pyx
1317 17 34 169 255
L_cst
1318 208 142 103 255
