L_Cl
1004 98 78 133 255
L_En
1006 57 89 149 255
L_Pir
1009 41 212 90 255
L_HF
1011 40 240 238 255
L_f
1015 32 173 22 255
L_vpAmy
1018 120 128 235 255
L_lpAmy
1022 112 66 238 255
L_stAmy
1033 111 129 73 255
L_mAmy
1035 191 109 88 255
L_pdAmy
1038 153 216 182 255
L_DStr
1044 10 14 206 255
L_VStr
1051 191 193 254 255
L_Pd
1054 215 160 16 255
L_BR
1062 190 95 140 255
L_ST
1065 103 59 9 255
L_SDBR
1066 237 228 188 255
L_opt
1070 79 5 157 255
L_POR
1071 55 82 119 255
L_MTHy
1077 99 10 99 255
L_VTHy
1079 104 117 2 255
L_DTHy
1083 121 75 38 255
L_DPHy
1093 251 83 121 255
L_VPHy
1095 238 63 195 255
L_Pit
1100 124 19 17 255
L_ZI-H
1104 197 112 92 255
L_Rt
1106 29 150 75 255
L_A_
1108 80 217 190 255
L_ILThal
1112 19 33 21 255
L_MD
1119 11 237 193 255
L_MLThal
1120 245 11 96 255
L_PNThal
1129 171 86 116 255
L_CbThal
1132 203 184 198 255
L_SpThal
1136 99 188 153 255
L_LP
1142 31 229 126 255
L_LD
1143 208 169 94 255
L_Pul
1144 107 75 198 255
L_DLG
1151 202 251 198 255
L_MG
1152 2 132 85 255
L_Pi
1154 55 149 78 255
L_Hb
1155 40 8 162 255
L_PrT
1156 107 195 206 255
L_Co
1165 134 26 78 255
L_PAGR
1170 94 9 215 255
L_TgMid
1174 140 78 10 255
L_RtMid
1182 48 168 246 255
L_OC_
1186 97 38 130 255
L_raphe_Mid
1189 95 231 45 255
L_R_
1194 198 83 131 255
L_DA_Mid
1197 228 153 26 255
L_PBC
1207 84 187 215 255
L_LGR
1212 17 199 73 255
L_tgPons
1216 27 113 29 255
L_ll_
1220 67 231 211 255
L_retPons
1225 244 65 148 255
L_SO-ml
1231 11 239 226 255
L_Pn_
1235 244 56 96 255
L_wmCB
1242 139 9 155 255
L_DCb
1245 74 84 166 255
L_Fl-PFl
1252 113 203 104 255
L_VCbCx
1255 28 108 159 255
L_ICbCx
1268 225 221 243 255
L_LCbCx
1276 98 74 82 255
L_VCC
1282 171 239 112 255
L_C5
1287 26 5 107 255
L_SVC
1294 108 208 239 255
L_MedMC
1300 105 227 196 255
L_MedRet
1303 5 176 133 255
L_MedRaphe
1308 110 14 16 255
L_PreCbMed
1312 41 105 28 255
L_vmt
1315 37 19 198 255
