L_Cl
1004 1 149 97 255
L_DEn
1007 113 212 238 255
L_VEn
1008 226 169 73 255
L_Pir
1009 29 134 63 255
L_Hi
1012 1 108 30 255
L_S
1013 239 122 58 255
L_fi
1014 177 203 154 255
L_f
1015 24 221 233 255
L_BM
1019 173 128 161 255
L_VCo
1020 112 164 195 255
L_AHi
1021 89 27 122 255
L_LaD
1024 83 36 95 255
L_LaV
1025 231 249 185 255
L_APir
1026 252 185 25 255
L_BLD
1028 17 196 38 255
L_BLI
1029 98 79 127 255
L_BLV
1030 36 177 126 255
L_PaL
1031 36 136 133 255
L_Ce
1034 159 88 142 255
L_Me
1036 75 134 113 255
L_AA
1037 240 120 71 255
L_EA
1039 228 196 168 255
L_IPAC
1040 27 230 189 255
L_STIA
1041 21 242 124 255
L_CdH
1046 180 91 1 255
L_CdT
1047 147 205 31 255
L_Pu
1048 59 212 147 255
L_ASt
1049 24 236 89 255
L_ic
1050 252 105 16 255
L_Acb
1052 94 168 11 255
L_Tu
1053 19 172 80 255
L_EGP
1056 2 169 99 255
L_IGP
1057 223 20 205 255
L_al
1058 151 193 68 255
L_ac
1059 240 188 83 255
L_VP
1060 170 145 50 255
L_PeB
1063 181 95 143 255
L_B
1064 42 166 23 255
L_ST
1065 235 66 172 255
L_SFi
1067 244 9 134 255
L_SDB
1068 224 159 143 255
L_opt
1070 88 94 47 255
L_PO
1072 140 232 118 255
L_LTer-VOLT
1073 123 51 122 255
L_Pa
1078 253 104 31 255
L_VMH
1080 87 133 141 255
L_MEm
1081 87 129 25 255
L_Arc
1082 111 157 23 255
L_SOpt
1084 253 213 145 255
L_AH
1085 144 152 245 255
L_DM
1086 252 247 201 255
L_LH
1088 232 236 96 255
L_JPLH
1089 6 118 18 255
L_PLH
1090 55 50 151 255
L_STh
1091 34 7 128 255
L_PH
1094 22 50 159 255
L_PeF
1096 142 138 154 255
L_RM
1098 223 173 195 255
L_MM
1099 33 46 189 255
L_APit
1101 23 33 105 255
L_PPit
1102 215 91 33 255
L_ZI-H
1104 151 57 41 255
L_Rt
1106 206 48 177 255
L_A
1110 208 88 185 255
L_cap
1111 125 17 186 255
L_CL-PC
1113 140 164 68 255
L_CMn-PF
1114 65 248 161 255
L_SPFPC
1116 178 197 68 255
L_SG
1117 175 64 187 255
L_Lim
1118 196 178 125 255
L_MD
1119 135 134 232 255
L_IMD
1121 147 221 125 255
L_PT-PV-sm
1122 187 227 166 255
L_PVP
1123 191 128 19 255
L_PVA
1124 183 56 190 255
L_IAM
1125 3 93 64 255
L_CM
1126 117 176 179 255
L_Re-Rh-Xi
1127 78 86 111 255
L_VA
1130 108 98 147 255
L_VLA
1131 218 213 76 255
L_VLX
1133 12 153 19 255
L_VLPV
1134 34 142 36 255
L_VLPD
1135 147 232 67 255
L_VPM-VPL
1137 180 121 61 255
L_VMPo-VMB
1138 71 172 178 255
L_VPI
1139 221 158 204 255
L_VM
1140 195 202 136 255
L_LP
1142 222 35 178 255
L_LD
1143 39 162 245 255
L_APul
1145 164 211 9 255
L_MPul
1146 167 165 53 255
L_LPul
1147 163 198 229 255
L_IPul
1148 141 16 20 255
L_bsc
1149 168 203 139 255
L_DLG
1151 72 249 180 255
L_MG
1152 199 177 24 255
L_Pi
1154 20 189 160 255
L_Hb
1155 129 116 204 255
L_pc
1158 61 248 82 255
L_PrC
1159 13 29 3 255
L_PCom_MCPC
1160 158 210 122 255
L_p1Rt
1161 249 16 127 255
L_SC
1166 203 127 98 255
L_ICo
1168 26 27 250 255
L_Sag-RL
1169 54 81 222 255
L_n4
1171 203 120 8 255
L_PAG
1172 27 183 8 255
L_PBG
1175 111 255 230 255
L_MiTg
1176 107 27 172 255
L_PrCnF
1177 169 157 17 255
L_CnF
1178 107 137 39 255
L_VLTg
1179 220 151 10 255
L_PTg
1180 60 70 77 255
L_ATg
1181 228 59 67 255
L_mRt
1183 198 32 78 255
L_RIs
1184 32 48 214 255
L_OM
1187 48 116 56 255
L_mlf
1188 145 125 119 255
L_MR
1190 252 127 105 255
L_DR
1191 233 109 38 255
L_LiR
1192 238 129 216 255
L_R
1195 145 4 221 255
L_PR-RI
1196 214 147 232 255
L_RF
1198 114 179 197 255
L_SN
1199 70 146 241 255
L_VTA
1200 112 17 176 255
L_IP
1201 159 184 99 255
L_n3
1202 73 94 74 255
L_cp
1203 155 7 146 255
L_LPB
1208 83 170 73 255
L_MPB
1209 8 111 173 255
L_scp
1210 89 144 39 255
L_KF
1211 80 187 249 255
L_LC-Me5
1213 82 127 98 255
L_me5
1214 246 64 70 255
L_CG
1215 84 126 102 255
L_LDTg
1217 49 97 63 255
L_MDTg
1218 5 130 230 255
L_ll
1221 92 205 63 255
L_DLL
1222 197 199 58 255
L_ILL-VLL
1223 208 205 126 255
L_SubC
1226 254 20 161 255
L_RtTg
1227 250 16 51 255
L_xscp
1228 38 146 86 255
L_PnO
1229 196 152 177 255
L_PnC
1230 119 139 139 255
L_SO
1232 50 102 65 255
L_ml
1233 128 135 100 255
L_tz
1234 201 215 165 255
L_Pn
1236 6 150 237 255
L_s5
1238 210 102 85 255
L_tfp
1239 111 131 206 255
L_mcp
1240 224 162 112 255
L_icp
1243 90 131 88 255
L_oc
1244 198 73 124 255
L_Lat
1246 41 13 97 255
L_IntA
1248 161 113 172 255
L_IntP
1249 225 176 128 255
L_Fas
1250 149 163 199 255
L_Fl
1253 44 164 32 255
L_PFl
1254 245 218 47 255
L_Cb1V
1257 143 248 233 255
L_Cb2V
1258 10 41 226 255
L_Cb3V
1259 177 209 220 255
L_Cb4V
1260 53 245 81 255
L_Cb5V
1261 40 119 23 255
L_Cb6V
1263 8 113 76 255
L_Cb7V
1264 24 84 197 255
L_Cb8V
1265 97 138 122 255
L_Cb9V
1266 102 41 41 255
L_Cb10V
1267 26 154 31 255
L_Cb3I
1269 155 39 33 255
L_Cb4I
1270 67 30 153 255
L_Cb5I
1271 130 178 201 255
L_Cb6I
1272 53 106 120 255
L_Cop
1273 149 142 87 255
L_Sim
1274 172 227 132 255
L_PM
1275 88 229 85 255
L_Crus1
1277 183 54 1 255
L_Crus2
1278 98 138 113 255
L_Ve
1283 110 59 180 255
L_DVC
1284 65 225 55 255
L_n8
1285 180 188 210 255
L_Pr
1286 23 182 185 255
L_Nu5
1288 219 44 126 255
L_Pr5
1289 186 186 182 255
L_Sp5O
1291 244 37 28 255
L_Sp5I
1292 129 204 29 255
L_Sp5C
1293 203 102 186 255
L_CuGr
1295 154 186 64 255
L_obex
1296 190 135 1 255
L_Sol
1297 210 39 61 255
L_Nu10-12
1298 73 41 179 255
L_Nu6
1301 110 5 214 255
L_Nu7
1302 247 68 32 255
L_PCIRt
1304 213 19 166 255
L_DPGi
1305 23 32 62 255
L_Gi
1306 95 52 117 255
L_MdRt
1307 98 11 195 255
L_RMg
1309 140 8 143 255
L_ROb
1310 165 101 84 255
L_IO
1313 28 21 109 255
L_LRt
1314 244 20 58 255
L_py
1316 105 195 76 255
L_pyx
1317 53 183 159 255
L_cst
1318 129 108 94 255
