L_LPal
1003 101 230 156 255
L_VPal
1005 42 128 177 255
L_HF
1011 194 69 66 255
L_f
1015 185 4 113 255
L_pAmy
1017 35 58 212 255
L_spAmy
1032 144 8 150 255
L_Str
1043 41 183 133 255
L_Pd
1054 128 129 170 255
L_DSP
1061 60 114 116 255
L_POC
1069 212 7 241 255
L_THy
1076 40 138 36 255
L_PHy
1092 67 65 114 255
L_Pit
1100 71 103 171 255
L_ZI-H
1104 125 74 106 255
L_Rt
1106 148 108 111 255
L_MThal
1107 97 83 175 255
L_MLThal
1120 186 98 91 255
L_VThal
1128 5 60 21 255
L_PThal
1141 223 228 20 255
L_GThal
1150 60 203 209 255
L_EpiThal
1153 196 182 150 255
L_PrT
1156 49 241 246 255
L_DMid
1164 88 87 216 255
L_LMid
1173 189 225 165 255
L_MMid
1185 229 125 175 255
L_VMid
1193 14 143 232 255
L_DPons
1206 200 171 168 255
L_LPons
1219 108 131 96 255
L_VPons
1224 140 97 144 255
L_wmCB
1242 58 151 15 255
L_DCb
1245 224 85 67 255
L_CbCx
1251 240 244 16 255
L_DMed
1281 241 6 196 255
L_IMed
1299 39 144 68 255
L_VMed
1311 84 44 16 255
R_LPal
2003 163 94 69 255
R_VPal
2005 137 14 236 255
R_HF
2011 229 155 162 255
R_f
2015 128 11 121 255
R_pAmy
2017 15 52 126 255
R_spAmy
2032 195 252 169 255
R_Str
2043 173 55 33 255
R_Pd
2054 111 248 145 255
R_DSP
2061 108 121 160 255
R_POC
2069 81 135 240 255
R_THy
2076 233 184 59 255
R_PHy
2092 60 40 4 255
R_Pit
2100 104 133 204 255
R_ZI-H
2104 244 204 148 255
R_Rt
2106 161 15 109 255
R_MThal
2107 129 211 38 255
R_MLThal
2120 118 51 23 255
R_VThal
2128 155 220 116 255
R_PThal
2141 222 156 167 255
R_GThal
2150 120 63 251 255
R_EpiThal
2153 115 109 61 255
R_PrT
2156 75 56 246 255
R_DMid
2164 47 76 24 255
R_LMid
2173 175 50 179 255
R_MMid
2185 130 153 74 255
R_VMid
2193 169 202 168 255
R_DPons
2206 2 69 141 255
R_LPons
2219 136 51 194 255
R_VPons
2224 89 153 160 255
R_wmCB
2242 188 60 200 255
R_DCb
2245 123 205 188 255
R_CbCx
2251 63 27 225 255
R_DMed
2281 2 52 16 255
R_IMed
2299 45 160 4 255
R_VMed
2311 186 215 246 255
L_ACC
3003 184 58 21 255
L_MCC
3011 250 127 213 255
L_med_OFC
3017 244 61 33 255
L_lat_OFC
3025 201 142 83 255
L_caudal_OFC
3037 5 50 239 255
L_area_8A
3051 160 5 59 255
L_dlPFC
3054 243 115 245 255
L_vlPFC
3064 184 165 136 255
L_M1-PM
3078 143 137 177 255
L_SMA-preSMA
3087 62 138 58 255
L_SI
3092 215 88 206 255
L_SII
3095 172 70 131 255
L_V6-V6A
3097 211 214 147 255
L_area_5
3102 60 83 80 255
L_vm_IPS
3107 226 133 192 255
L_lat_IPS
3113 204 39 115 255
L_MST
3119 151 169 26 255
L_area_7_in_IPL
3120 157 22 162 255
L_area_7m
3126 86 72 159 255
L_PCgG
3127 8 155 166 255
L_HC
3140 255 237 44 255
L_paraHipp
3148 204 203 1 255
L_Rh
3153 106 91 255 255
L_TG
3165 45 208 24 255
L_TEO
3176 62 86 76 255
L_TE
3177 72 36 115 255
L_STSf
3188 107 100 198 255
L_STGr-STSd
3194 252 127 225 255
L_STGc
3199 206 163 55 255
L_belt
3205 12 156 59 255
L_RTp
3218 16 173 125 255
L_core
3219 7 86 9 255
L_floor_of_ls
3224 121 253 216 255
L_MT
3232 110 44 57 255
L_V4
3234 83 217 213 255
L_V2-V3
3237 221 29 76 255
L_V1
3246 94 119 164 255
R_ACC
4003 46 188 80 255
R_MCC
4011 80 252 149 255
R_med_OFC
4017 167 56 53 255
R_lat_OFC
4025 16 34 141 255
R_caudal_OFC
4037 117 247 134 255
R_area_8A
4051 97 20 125 255
R_dlPFC
4054 43 210 244 255
R_vlPFC
4064 46 237 207 255
R_M1-PM
4078 141 205 37 255
R_SMA-preSMA
4087 50 13 145 255
R_SI
4092 214 116 245 255
R_SII
4095 9 123 136 255
R_V6-V6A
4097 51 190 237 255
R_area_5
4102 96 84 29 255
R_vm_IPS
4107 192 69 155 255
R_lat_IPS
4113 98 89 61 255
R_MST
4119 106 218 120 255
R_area_7_in_IPL
4120 122 162 18 255
R_area_7m
4126 128 65 11 255
R_PCgG
4127 144 224 159 255
R_HC
4140 107 180 26 255
R_paraHipp
4148 208 181 181 255
R_Rh
4153 219 112 135 255
R_TG
4165 246 21 206 255
R_TEO
4176 132 107 143 255
R_TE
4177 154 180 113 255
R_STSf
4188 44 182 116 255
R_STGr-STSd
4194 83 219 253 255
R_STGc
4199 104 118 80 255
R_belt
4205 173 177 243 255
R_RTp
4218 59 138 243 255
R_core
4219 82 174 102 255
R_floor_of_ls
4224 115 31 238 255
R_MT
4232 178 15 168 255
R_V4
4234 95 85 180 255
R_V2-V3
4237 4 161 145 255
R_V1
4246 75 102 21 255
