R_Cl
2004 11 51 20 255
R_DEn
2007 101 21 169 255
R_VEn
2008 255 186 111 255
R_Pir
2009 85 129 192 255
R_Hi
2012 141 26 192 255
R_S
2013 246 210 153 255
R_fi
2014 72 76 222 255
R_f
2015 225 33 162 255
R_BM
2019 67 53 253 255
R_VCo
2020 78 120 94 255
R_AHi
2021 247 126 67 255
R_LaD
2024 114 138 192 255
R_LaV
2025 146 219 228 255
R_APir
2026 142 111 212 255
R_BLD
2028 171 209 206 255
R_BLI
2029 202 248 153 255
R_BLV
2030 128 156 201 255
R_PaL
2031 32 7 207 255
R_Ce
2034 2 181 18 255
R_Me
2036 128 51 255 255
R_AA
2037 168 202 192 255
R_EA
2039 180 166 221 255
R_IPAC
2040 176 4 181 255
R_STIA
2041 55 140 172 255
R_CdH
2046 60 180 246 255
R_CdT
2047 32 74 29 255
R_Pu
2048 56 162 6 255
R_ASt
2049 189 222 145 255
R_ic
2050 20 174 239 255
R_Acb
2052 188 114 248 255
R_Tu
2053 193 144 186 255
R_EGP
2056 195 169 95 255
R_IGP
2057 33 8 232 255
R_al
2058 242 141 103 255
R_ac
2059 160 30 7 255
R_VP
2060 219 194 225 255
R_PeB
2063 68 175 142 255
R_B
2064 222 152 2 255
R_ST
2065 32 137 252 255
R_SFi
2067 55 123 98 255
R_SDB
2068 168 90 158 255
R_opt
2070 14 114 127 255
R_PO
2072 254 124 207 255
R_LTer-VOLT
2073 96 139 113 255
R_Pa
2078 69 221 83 255
R_VMH
2080 209 70 157 255
R_MEm
2081 154 173 226 255
R_Arc
2082 54 171 210 255
R_SOpt
2084 234 31 34 255
R_AH
2085 181 38 130 255
R_DM
2086 80 108 233 255
R_LH
2088 8 110 38 255
R_JPLH
2089 216 142 169 255
R_PLH
2090 9 63 64 255
R_STh
2091 146 183 72 255
R_PH
2094 30 202 19 255
R_PeF
2096 2 42 183 255
R_RM
2098 239 69 178 255
R_MM
2099 223 60 71 255
R_APit
2101 69 86 253 255
R_PPit
2102 165 24 112 255
R_ZI-H
2104 159 194 177 255
R_Rt
2106 194 183 4 255
R_A
2110 110 34 191 255
R_cap
2111 124 97 205 255
R_CL-PC
2113 140 158 226 255
R_CMn-PF
2114 124 6 23 255
R_SPFPC
2116 185 46 202 255
R_SG
2117 217 137 34 255
R_Lim
2118 65 94 116 255
R_MD
2119 140 126 43 255
R_IMD
2121 222 77 147 255
R_PT-PV-sm
2122 106 55 142 255
R_PVP
2123 206 37 207 255
R_PVA
2124 70 1 239 255
R_IAM
2125 253 7 159 255
R_CM
2126 170 118 232 255
R_Re-Rh-Xi
2127 238 186 104 255
R_VA
2130 63 161 184 255
R_VLA
2131 169 40 101 255
R_VLX
2133 135 158 105 255
R_VLPV
2134 146 78 157 255
R_VLPD
2135 227 150 244 255
R_VPM-VPL
2137 62 130 117 255
R_VMPo-VMB
2138 111 178 177 255
R_VPI
2139 103 50 167 255
R_VM
2140 240 160 166 255
R_LP
2142 192 191 126 255
R_LD
2143 63 152 200 255
R_APul
2145 169 159 62 255
R_MPul
2146 118 239 19 255
R_LPul
2147 152 218 64 255
R_IPul
2148 176 225 56 255
R_bsc
2149 52 198 128 255
R_DLG
2151 63 10 61 255
R_MG
2152 13 162 20 255
R_Pi
2154 150 59 67 255
R_Hb
2155 117 254 11 255
R_pc
2158 83 175 140 255
R_PrC
2159 31 126 176 255
R_PCom_MCPC
2160 107 200 152 255
R_p1Rt
2161 100 25 201 255
R_SC
2166 18 233 203 255
R_ICo
2168 192 81 180 255
R_Sag-RL
2169 125 195 59 255
R_n4
2171 138 244 104 255
R_PAG
2172 1 39 250 255
R_PBG
2175 237 179 192 255
R_MiTg
2176 206 174 104 255
R_PrCnF
2177 183 194 245 255
R_CnF
2178 148 68 173 255
R_VLTg
2179 235 50 111 255
R_PTg
2180 254 157 184 255
R_ATg
2181 59 169 118 255
R_mRt
2183 16 205 53 255
R_RIs
2184 46 16 196 255
R_OM
2187 181 221 53 255
R_mlf
2188 224 71 217 255
R_MR
2190 34 131 151 255
R_DR
2191 235 14 152 255
R_LiR
2192 11 22 161 255
R_R
2195 25 243 129 255
R_PR-RI
2196 46 154 50 255
R_RF
2198 110 16 191 255
R_SN
2199 187 59 203 255
R_VTA
2200 183 109 115 255
R_IP
2201 96 134 220 255
R_n3
2202 226 140 234 255
R_cp
2203 37 5 146 255
R_LPB
2208 11 144 30 255
R_MPB
2209 190 239 212 255
R_scp
2210 56 179 195 255
R_KF
2211 46 2 85 255
R_LC-Me5
2213 190 2 64 255
R_me5
2214 92 76 10 255
R_CG
2215 190 33 10 255
R_LDTg
2217 57 147 179 255
R_MDTg
2218 189 212 63 255
R_ll
2221 41 125 157 255
R_DLL
2222 190 231 11 255
R_ILL-VLL
2223 94 216 146 255
R_SubC
2226 116 108 81 255
R_RtTg
2227 200 38 60 255
R_xscp
2228 199 196 57 255
R_PnO
2229 129 26 254 255
R_PnC
2230 9 165 108 255
R_SO
2232 111 251 220 255
R_ml
2233 248 140 142 255
R_tz
2234 125 144 22 255
R_Pn
2236 133 13 188 255
R_s5
2238 161 70 169 255
R_tfp
2239 220 45 99 255
R_mcp
2240 128 195 157 255
R_icp
2243 39 77 45 255
R_oc
2244 90 104 223 255
R_Lat
2246 39 26 65 255
R_IntA
2248 20 143 109 255
R_IntP
2249 37 218 172 255
R_Fas
2250 76 80 92 255
R_Fl
2253 15 210 122 255
R_PFl
2254 142 211 163 255
R_Cb1V
2257 153 73 237 255
R_Cb2V
2258 37 229 160 255
R_Cb3V
2259 227 250 34 255
R_Cb4V
2260 126 205 163 255
R_Cb5V
2261 7 128 120 255
R_Cb6V
2263 131 177 148 255
R_Cb7V
2264 171 142 214 255
R_Cb8V
2265 112 6 158 255
R_Cb9V
2266 245 18 101 255
R_Cb10V
2267 217 104 252 255
R_Cb3I
2269 69 69 245 255
R_Cb4I
2270 241 33 219 255
R_Cb5I
2271 125 52 177 255
R_Cb6I
2272 130 141 20 255
R_Cop
2273 204 38 73 255
R_Sim
2274 120 34 222 255
R_PM
2275 53 230 211 255
R_Crus1
2277 176 186 49 255
R_Crus2
2278 19 2 11 255
R_Ve
2283 239 70 51 255
R_DVC
2284 229 186 158 255
R_n8
2285 18 165 135 255
R_Pr
2286 247 180 147 255
R_Nu5
2288 124 154 240 255
R_Pr5
2289 123 158 4 255
R_Sp5O
2291 211 159 196 255
R_Sp5I
2292 95 126 3 255
R_Sp5C
2293 227 233 167 255
R_CuGr
2295 25 9 215 255
R_obex
2296 235 225 21 255
R_Sol
2297 65 144 236 255
R_Nu10-12
2298 58 204 73 255
R_Nu6
2301 208 231 12 255
R_Nu7
2302 251 27 58 255
R_PCIRt
2304 251 115 66 255
R_DPGi
2305 240 77 224 255
R_Gi
2306 99 253 107 255
R_MdRt
2307 183 147 92 255
R_RMg
2309 135 5 124 255
R_ROb
2310 25 149 97 255
R_IO
2313 159 116 110 255
R_LRt
2314 38 42 138 255
R_py
2316 206 224 104 255
R_pyx
2317 214 98 151 255
R_cst
2318 237 49 56 255
