L_Cl
1004 98 78 133 255
L_En
1006 57 89 149 255
L_Pir
1009 41 212 90 255
L_HF
1011 40 240 238 255
L_f
1015 32 173 22 255
L_vpAmy
1018 120 128 235 255
L_lpAmy
1022 112 66 238 255
L_stAmy
1033 111 129 73 255
L_mAmy
1035 191 109 88 255
L_pdAmy
1038 153 216 182 255
L_DStr
1044 10 14 206 255
L_VStr
1051 191 193 254 255
L_Pd
1054 215 160 16 255
L_BR
1062 190 95 140 255
L_ST
1065 103 59 9 255
L_SDBR
1066 237 228 188 255
L_opt
1070 79 5 157 255
L_POR
1071 55 82 119 255
L_MTHy
1077 99 10 99 255
L_VTHy
1079 104 117 2 255
L_DTHy
1083 121 75 38 255
L_DPHy
1093 251 83 121 255
L_VPHy
1095 238 63 195 255
L_Pit
1100 124 19 17 255
L_ZI-H
1104 197 112 92 255
L_Rt
1106 29 150 75 255
L_A_
1108 80 217 190 255
L_ILThal
1112 19 33 21 255
L_MD
1119 11 237 193 255
L_MLThal
1120 245 11 96 255
L_PNThal
1129 171 86 116 255
L_CbThal
1132 203 184 198 255
L_SpThal
1136 99 188 153 255
L_LP
1142 31 229 126 255
L_LD
1143 208 169 94 255
L_Pul
1144 107 75 198 255
L_DLG
1151 202 251 198 255
L_MG
1152 2 132 85 255
L_Pi
1154 55 149 78 255
L_Hb
1155 40 8 162 255
L_PrT
1156 107 195 206 255
L_Co
1165 134 26 78 255
L_PAGR
1170 94 9 215 255
L_TgMid
1174 140 78 10 255
L_RtMid
1182 48 168 246 255
L_OC_
1186 97 38 130 255
L_raphe_Mid
1189 95 231 45 255
L_R_
1194 198 83 131 255
L_DA_Mid
1197 228 153 26 255
L_PBC
1207 84 187 215 255
L_LGR
1212 17 199 73 255
L_tgPons
1216 27 113 29 255
L_ll_
1220 67 231 211 255
L_retPons
1225 244 65 148 255
L_SO-ml
1231 11 239 226 255
L_Pn_
1235 244 56 96 255
L_wmCB
1242 139 9 155 255
L_DCb
1245 74 84 166 255
L_Fl-PFl
1252 113 203 104 255
L_VCbCx
1255 28 108 159 255
L_ICbCx
1268 225 221 243 255
L_LCbCx
1276 98 74 82 255
L_VCC
1282 171 239 112 255
L_C5
1287 26 5 107 255
L_SVC
1294 108 208 239 255
L_MedMC
1300 105 227 196 255
L_MedRet
1303 5 176 133 255
L_MedRaphe
1308 110 14 16 255
L_PreCbMed
1312 41 105 28 255
L_vmt
1315 37 19 198 255
R_Cl
2004 178 78 7 255
R_En
2006 55 113 77 255
R_Pir
2009 89 82 167 255
R_HF
2011 128 204 215 255
R_f
2015 11 117 3 255
R_vpAmy
2018 164 51 229 255
R_lpAmy
2022 186 254 86 255
R_stAmy
2033 52 123 153 255
R_mAmy
2035 3 118 14 255
R_pdAmy
2038 96 40 176 255
R_DStr
2044 39 246 161 255
R_VStr
2051 109 157 238 255
R_Pd
2054 46 97 185 255
R_BR
2062 199 46 185 255
R_ST
2065 226 35 108 255
R_SDBR
2066 98 4 62 255
R_opt
2070 14 154 37 255
R_POR
2071 255 193 157 255
R_MTHy
2077 89 81 13 255
R_VTHy
2079 221 140 186 255
R_DTHy
2083 227 182 82 255
R_DPHy
2093 238 216 196 255
R_VPHy
2095 143 129 24 255
R_Pit
2100 78 158 127 255
R_ZI-H
2104 102 89 155 255
R_Rt
2106 91 27 74 255
R_A_
2108 129 66 255 255
R_ILThal
2112 34 48 90 255
R_MD
2119 96 32 120 255
R_MLThal
2120 90 98 91 255
R_PNThal
2129 237 101 164 255
R_CbThal
2132 141 230 184 255
R_SpThal
2136 209 149 248 255
R_LP
2142 179 150 99 255
R_LD
2143 172 205 79 255
R_Pul
2144 98 184 115 255
R_DLG
2151 46 192 216 255
R_MG
2152 98 150 46 255
R_Pi
2154 112 22 79 255
R_Hb
2155 24 193 36 255
R_PrT
2156 158 90 73 255
R_Co
2165 206 99 37 255
R_PAGR
2170 184 99 115 255
R_TgMid
2174 247 30 236 255
R_RtMid
2182 150 127 167 255
R_OC_
2186 67 78 177 255
R_raphe_Mid
2189 88 48 30 255
R_R_
2194 49 166 149 255
R_DA_Mid
2197 74 52 243 255
R_PBC
2207 71 143 33 255
R_LGR
2212 161 196 164 255
R_tgPons
2216 15 38 244 255
R_ll_
2220 59 62 218 255
R_retPons
2225 221 211 92 255
R_SO-ml
2231 113 176 72 255
R_Pn_
2235 134 181 145 255
R_wmCB
2242 112 88 246 255
R_DCb
2245 37 143 172 255
R_Fl-PFl
2252 26 191 15 255
R_VCbCx
2255 179 68 53 255
R_ICbCx
2268 60 125 149 255
R_LCbCx
2276 63 252 2 255
R_VCC
2282 112 174 10 255
R_C5
2287 133 38 170 255
R_SVC
2294 149 157 95 255
R_MedMC
2300 2 189 86 255
R_MedRet
2303 254 238 156 255
R_MedRaphe
2308 190 185 212 255
R_PreCbMed
2312 51 92 231 255
R_vmt
2315 87 141 199 255
L_area_32
3004 206 91 156 255
L_area_25
3005 225 224 36 255
L_area_24
3006 169 236 90 255
L_MCC
3011 226 156 61 255
L_area_10
3018 10 81 149 255
L_area_14
3022 49 90 229 255
L_areas_11-13
3026 124 24 219 255
L_area_12m-o
3034 195 49 244 255
L_OFa-p
3038 97 210 91 255
L_OLF
3044 215 227 171 255
L_cl_OFC
3047 239 113 13 255
L_area_8A
3051 159 169 85 255
L_area_8B
3055 19 208 238 255
L_rostral_dlPFC
3059 239 175 28 255
L_rostral_vlPFC
3065 90 185 50 255
L_caudal_vlPFC
3072 203 202 154 255
L_M1
3079 17 44 132 255
L_PM
3080 128 148 244 255
L_SMA-preSMA
3087 21 232 109 255
L_SI
3092 196 193 199 255
L_SII
3095 180 29 248 255
L_V6
3098 235 214 193 255
L_V6A
3099 182 18 181 255
L_area_5
3102 96 147 174 255
L_vm_IPS
3107 77 225 5 255
L_lat_IPS
3113 204 136 49 255
L_MST
3119 125 28 118 255
L_area_7_in_IPL
3120 235 200 18 255
L_area_7m
3126 149 120 217 255
L_PCC
3128 226 40 200 255
L_RSC
3135 203 84 92 255
L_HiF
3141 127 163 58 255
L_preS-paraS
3147 255 235 90 255
L_paraHipp
3148 40 72 172 255
L_ERh
3154 85 99 206 255
L_PRh
3160 53 25 35 255
L_TGa
3166 185 192 186 255
L_TGg-TGd
3167 196 1 14 255
L_TEO
3176 162 138 215 255
L_gyral_TE
3178 229 160 111 255
L_TE_in_STSv
3185 86 178 114 255
L_STSf
3188 174 77 134 255
L_STSd
3195 25 191 218 255
L_STGr
3198 32 31 65 255
L_STGc
3199 85 66 66 255
L_lat_belt
3206 143 103 129 255
L_med_belt
3213 91 102 222 255
L_RTp
3218 226 215 113 255
L_core
3219 62 13 188 255
L_Ins-Pi
3225 93 186 8 255
L_Ri
3230 91 130 133 255
L_MT
3232 208 26 66 255
L_V4
3234 188 24 206 255
L_V3
3238 231 55 142 255
L_V2
3243 34 136 134 255
L_V1
3246 40 145 165 255
R_area_32
4004 240 107 250 255
R_area_25
4005 241 32 60 255
R_area_24
4006 65 251 212 255
R_MCC
4011 78 194 99 255
R_area_10
4018 43 11 1 255
R_area_14
4022 23 83 135 255
R_areas_11-13
4026 107 143 234 255
R_area_12m-o
4034 106 82 42 255
R_OFa-p
4038 62 69 100 255
R_OLF
4044 85 76 193 255
R_cl_OFC
4047 245 27 83 255
R_area_8A
4051 53 105 252 255
R_area_8B
4055 54 170 8 255
R_rostral_dlPFC
4059 73 220 171 255
R_rostral_vlPFC
4065 66 136 207 255
R_caudal_vlPFC
4072 194 79 79 255
R_M1
4079 84 200 76 255
R_PM
4080 137 197 125 255
R_SMA-preSMA
4087 90 26 209 255
R_SI
4092 227 123 195 255
R_SII
4095 141 64 149 255
R_V6
4098 103 147 5 255
R_V6A
4099 211 38 255 255
R_area_5
4102 221 151 211 255
R_vm_IPS
4107 131 26 139 255
R_lat_IPS
4113 36 65 131 255
R_MST
4119 202 124 82 255
R_area_7_in_IPL
4120 68 42 32 255
R_area_7m
4126 12 17 51 255
R_PCC
4128 55 107 56 255
R_RSC
4135 9 228 228 255
R_HiF
4141 226 44 127 255
R_preS-paraS
4147 47 194 76 255
R_paraHipp
4148 190 149 182 255
R_ERh
4154 49 234 233 255
R_PRh
4160 218 114 177 255
R_TGa
4166 171 180 197 255
R_TGg-TGd
4167 248 12 69 255
R_TEO
4176 103 172 122 255
R_gyral_TE
4178 75 169 18 255
R_TE_in_STSv
4185 180 23 141 255
R_STSf
4188 145 105 33 255
R_STSd
4195 103 97 211 255
R_STGr
4198 126 220 94 255
R_STGc
4199 192 252 46 255
R_lat_belt
4206 99 104 63 255
R_med_belt
4213 13 90 132 255
R_RTp
4218 157 89 251 255
R_core
4219 204 129 244 255
R_Ins-Pi
4225 225 240 187 255
R_Ri
4230 69 88 146 255
R_MT
4232 183 141 158 255
R_V4
4234 93 133 159 255
R_V3
4238 222 48 253 255
R_V2
4243 239 47 124 255
R_V1
4246 57 183 245 255
