L_tel
1001 127 66 55 255
L_di
1074 194 194 243 255
L_mes
1162 140 247 220 255
L_met
1204 178 183 169 255
L_myel
1279 39 125 132 255
R_tel
2001 75 116 81 255
R_di
2074 122 223 236 255
R_mes
2162 223 81 163 255
R_met
2204 121 183 148 255
R_myel
2279 147 211 125 255
L_Frontal
3001 213 15 196 255
L_Parietal
3090 196 10 45 255
L_Temporal
3138 12 216 166 255
L_Occipital
3231 149 250 142 255
R_Frontal
4001 213 53 236 255
R_Parietal
4090 254 194 52 255
R_Temporal
4138 124 218 143 255
R_Occipital
4231 57 2 173 255
